# Time-averaged data for fix H2O_ave_density
# TimeStep v_H2O_density
100 0.0130516
200 0.0134407
300 0.0138561
400 0.0142232
500 0.0145395
600 0.0147893
700 0.0149521
800 0.0151072
900 0.0152077
1000 0.0151887
1100 0.0150229
1200 0.0147801
1300 0.0145977
1400 0.0145358
1500 0.0145091
1600 0.0144458
1700 0.0143794
1800 0.0143528
1900 0.0143464
2000 0.0143694
2100 0.0144228
2200 0.0144699
2300 0.014488
2400 0.0145132
2500 0.014558
2600 0.0146246
2700 0.0146774
2800 0.0147037
2900 0.0147589
3000 0.014855
3100 0.0149775
3200 0.0151247
3300 0.0152355
3400 0.0153488
3500 0.0154874
3600 0.0156268
3700 0.0157598
3800 0.01588
3900 0.0159767
4000 0.0160391
4100 0.0160714
4200 0.0161371
4300 0.0162288
4400 0.0163563
4500 0.0165276
4600 0.0166852
4700 0.0168186
4800 0.0169445
4900 0.0170256
5000 0.0170949
5100 0.0172108
5200 0.0173225
5300 0.0174329
5400 0.0175686
5500 0.0176444
5600 0.0176769
5700 0.0177375
5800 0.0177947
5900 0.0177749
6000 0.0177154
6100 0.0176591
6200 0.0176589
6300 0.0176666
6400 0.0176478
6500 0.0175659
6600 0.0174478
6700 0.017457
6800 0.0175368
6900 0.0175843
7000 0.0175646
7100 0.0174621
7200 0.0173662
7300 0.0173024
7400 0.0172534
7500 0.0172386
7600 0.0172147
7700 0.0172245
7800 0.0172983
7900 0.0174102
8000 0.0175297
8100 0.0176951
8200 0.0178781
8300 0.0180579
8400 0.0182224
8500 0.0183721
8600 0.0185256
8700 0.0186473
8800 0.0187173
8900 0.0187831
9000 0.0188782
9100 0.0190343
9200 0.0192596
9300 0.0194028
9400 0.0194531
9500 0.0194779
9600 0.019456
9700 0.0194395
9800 0.0194644
9900 0.0195739
10000 0.019796
10100 0.0199904
10200 0.0201652
10300 0.0203366
10400 0.0203962
10500 0.0204403
10600 0.020499
10700 0.0205578
10800 0.0205747
10900 0.0205371
11000 0.0205027
11100 0.0205111
11200 0.0204906
11300 0.0204474
11400 0.0204382
11500 0.0204442
11600 0.0204565
11700 0.0204222
11800 0.0203227
11900 0.0202891
12000 0.0203445
12100 0.020411
12200 0.0205193
12300 0.0207209
12400 0.0209811
12500 0.0212497
12600 0.0213632
12700 0.0213716
12800 0.0213402
12900 0.0212751
13000 0.0212078
13100 0.021205
13200 0.021254
13300 0.0213106
13400 0.0213233
13500 0.0213921
13600 0.0215618
13700 0.0216815
13800 0.0216413
13900 0.0214889
14000 0.0214218
14100 0.0214952
14200 0.0215968
14300 0.0216109
14400 0.0216026
14500 0.0215701
14600 0.0214506
14700 0.0212742
14800 0.0211394
14900 0.0210934
15000 0.0211088
15100 0.0212747
15200 0.0215064
15300 0.02169
15400 0.021835
15500 0.0218783
15600 0.0219034
15700 0.0220018
15800 0.0220966
15900 0.0222015
16000 0.0223221
16100 0.0223765
16200 0.0224002
16300 0.0223005
16400 0.0221245
16500 0.0219539
16600 0.0218685
16700 0.0219034
16800 0.0219308
16900 0.0219142
17000 0.0219153
17100 0.0218393
17200 0.0216513
17300 0.0214793
17400 0.021479
17500 0.0216308
17600 0.0217831
17700 0.021973
17800 0.0222272
17900 0.0224729
18000 0.0225974
18100 0.0226526
18200 0.0226848
18300 0.0226804
18400 0.0226044
18500 0.0225842
18600 0.0225946
18700 0.0225848
18800 0.0225211
18900 0.0224344
19000 0.022402
19100 0.0224346
19200 0.0225029
19300 0.0225532
19400 0.0226471
19500 0.0227362
19600 0.0227806
19700 0.0227346
19800 0.0226272
19900 0.0224511
20000 0.0222568
20100 0.0221246
20200 0.0220686
20300 0.0220579
20400 0.0221057
20500 0.0222
20600 0.0223447
20700 0.0225082
20800 0.022691
20900 0.0228804
21000 0.0229011
21100 0.0228249
21200 0.0227781
21300 0.0228027
21400 0.0228077
21500 0.0228116
21600 0.0229041
21700 0.022985
21800 0.022987
21900 0.0229664
22000 0.0229057
22100 0.0227955
22200 0.0227561
22300 0.0227918
22400 0.0229216
22500 0.0230685
22600 0.0232008
22700 0.0232762
22800 0.0233379
22900 0.023454
23000 0.0235523
23100 0.0236769
23200 0.0236908
23300 0.023643
23400 0.0235961
23500 0.0235779
23600 0.0235324
23700 0.0234071
23800 0.0232984
23900 0.0232141
24000 0.0231363
24100 0.0230385
24200 0.0230024
24300 0.0230381
24400 0.0231385
24500 0.0233346
24600 0.0234672
24700 0.0235867
24800 0.0237781
24900 0.0239952
25000 0.024149
25100 0.0241662
25200 0.0240588
25300 0.0239817
25400 0.0239245
25500 0.0239319
25600 0.0239946
25700 0.0240634
25800 0.0239935
25900 0.0238377
26000 0.0236816
26100 0.0234922
26200 0.0233593
26300 0.0232771
26400 0.0231875
26500 0.0230743
26600 0.0230513
26700 0.0231777
26800 0.0233856
26900 0.0236212
27000 0.0238275
27100 0.0240213
27200 0.0240697
27300 0.023955
27400 0.0237808
27500 0.0236131
27600 0.0234653
27700 0.0233357
27800 0.0232414
27900 0.0231523
28000 0.0230123
28100 0.0228215
28200 0.0225782
28300 0.0223158
28400 0.0221978
28500 0.0221658
28600 0.0221295
28700 0.0221738
28800 0.0223523
28900 0.0225569
29000 0.0227476
29100 0.0229576
29200 0.0231981
29300 0.0234151
29400 0.0236112
29500 0.0237532
29600 0.0238172
29700 0.023909
29800 0.0240581
29900 0.0242238
30000 0.0243638
30100 0.0244839
30200 0.0245429
30300 0.0245992
30400 0.0245942
30500 0.0244948
30600 0.024366
30700 0.0242407
30800 0.0241143
30900 0.024076
31000 0.0241916
31100 0.024353
31200 0.0244372
31300 0.024439
31400 0.0244758
31500 0.0246114
31600 0.0247512
31700 0.0247873
31800 0.024711
31900 0.0245983
32000 0.0244884
32100 0.024381
32200 0.0242723
32300 0.0241748
32400 0.0241188
32500 0.0241182
32600 0.0242297
32700 0.0244147
32800 0.024521
32900 0.0245359
33000 0.0244976
33100 0.0245031
33200 0.0245662
33300 0.0245646
33400 0.0245342
33500 0.0244815
33600 0.0243863
33700 0.0243255
33800 0.0242845
33900 0.0242524
34000 0.0242522
34100 0.0241432
34200 0.0239525
34300 0.0238014
34400 0.0237239
34500 0.0237115
34600 0.0238089
34700 0.0240418
34800 0.0243152
34900 0.0245328
35000 0.0246686
35100 0.0247331
35200 0.0248395
35300 0.0249131
35400 0.0249484
35500 0.0249262
35600 0.0247535
35700 0.0244947
35800 0.0242178
35900 0.0239454
36000 0.0237954
36100 0.0237704
36200 0.0237821
36300 0.0238226
36400 0.0238895
36500 0.0239289
36600 0.0239187
36700 0.0239038
36800 0.0238547
36900 0.0238023
37000 0.0238422
37100 0.0239183
37200 0.0240599
37300 0.0241921
37400 0.0242888
37500 0.0243622
37600 0.024393
37700 0.0243135
37800 0.0241542
37900 0.0239372
38000 0.0236877
38100 0.0235621
38200 0.0235855
38300 0.0236212
38400 0.0236901
38500 0.0238004
38600 0.0238606
38700 0.0238528
38800 0.0237993
38900 0.0238114
39000 0.0238707
39100 0.023977
39200 0.0241301
39300 0.0243284
39400 0.0246015
39500 0.0248849
39600 0.0250997
39700 0.0251591
39800 0.0250235
39900 0.0247199
40000 0.0243627
40100 0.0240481
40200 0.0237783
40300 0.0235595
40400 0.0233879
40500 0.0233296
40600 0.0233789
40700 0.0234944
40800 0.0236675
40900 0.0238586
41000 0.0240113
41100 0.0240512
41200 0.024025
41300 0.0240734
41400 0.024245
41500 0.0243612
41600 0.0243981
41700 0.0244521
41800 0.024524
41900 0.0244954
42000 0.0244388
42100 0.0245328
42200 0.0247235
42300 0.0248234
42400 0.0249204
42500 0.0250588
42600 0.0252077
42700 0.0253162
42800 0.0252802
42900 0.0251393
43000 0.0250295
43100 0.0249917
43200 0.0249745
43300 0.0248738
43400 0.0247274
43500 0.0245672
43600 0.0244544
43700 0.0244267
43800 0.0244991
43900 0.0246308
44000 0.0247749
44100 0.024871
44200 0.0248215
44300 0.0246384
44400 0.0244728
44500 0.0243717
44600 0.0242803
44700 0.0241992
44800 0.0241409
44900 0.0241563
45000 0.0242582
45100 0.0243468
45200 0.0244516
45300 0.0245241
45400 0.0245846
45500 0.0246253
45600 0.0246614
45700 0.0246777
45800 0.0246236
45900 0.0245778
46000 0.0245621
46100 0.0246844
46200 0.0248944
46300 0.0250571
46400 0.0250854
46500 0.0250208
46600 0.0250213
46700 0.0250448
46800 0.0249927
46900 0.0248888
47000 0.0248584
47100 0.0247659
47200 0.0245433
47300 0.0243337
47400 0.0241616
47500 0.0240234
47600 0.02399
47700 0.0240534
47800 0.0240951
47900 0.0240005
48000 0.0237818
48100 0.0235286
48200 0.0232906
48300 0.0230366
48400 0.0228804
48500 0.0229317
48600 0.0231656
48700 0.0235223
48800 0.0238366
48900 0.0240458
49000 0.0240738
49100 0.0240509
49200 0.0242152
49300 0.0244109
49400 0.0245373
49500 0.0245172
49600 0.0244951
49700 0.0245731
49800 0.0246714
49900 0.0246912
50000 0.0246636
