# Time-averaged data for fix ave_time_1
# TimeStep v_stress
6000 -1.04811e+09
7000 -9.5707e+08
8000 -6.83418e+08
9000 -3.25158e+08
10000 -8.04147e+07
11000 -1.41004e+08
12000 -1.96038e+08
13000 9.78866e+07
14000 4.29991e+08
15000 5.88318e+08
16000 4.39071e+08
17000 5.47015e+08
18000 9.68223e+08
19000 1.16618e+09
20000 1.03112e+09
21000 1.09248e+09
22000 1.54071e+09
23000 1.67271e+09
24000 1.53532e+09
25000 1.75291e+09
26000 2.16379e+09
27000 2.07596e+09
28000 2.02287e+09
29000 2.48473e+09
30000 2.57146e+09
31000 2.39937e+09
32000 2.82112e+09
33000 3.05636e+09
34000 2.77971e+09
35000 3.18312e+09
36000 3.42896e+09
37000 3.15748e+09
38000 3.6092e+09
39000 3.74117e+09
40000 3.53413e+09
41000 4.08657e+09
42000 3.98575e+09
43000 3.98779e+09
44000 4.46882e+09
45000 4.19171e+09
46000 4.55866e+09
47000 4.71323e+09
48000 4.53497e+09
49000 5.08476e+09
50000 4.80347e+09
51000 5.17238e+09
52000 5.23075e+09
53000 5.23018e+09
54000 5.60304e+09
55000 5.37211e+09
56000 5.80631e+09
57000 5.66599e+09
58000 5.9739e+09
59000 5.97803e+09
60000 6.09899e+09
61000 6.27006e+09
62000 6.24799e+09
63000 6.54011e+09
64000 6.42561e+09
65000 6.79682e+09
66000 6.63993e+09
67000 6.98613e+09
68000 6.84262e+09
69000 7.17989e+09
70000 7.07623e+09
71000 7.3718e+09
72000 7.32556e+09
73000 7.52744e+09
74000 7.55879e+09
75000 7.67388e+09
76000 7.83157e+09
77000 7.79517e+09
78000 8.12189e+09
79000 7.94112e+09
80000 8.29035e+09
81000 8.18731e+09
82000 8.36164e+09
83000 8.53893e+09
84000 8.47827e+09
85000 8.73708e+09
86000 8.70409e+09
87000 8.80172e+09
88000 9.00989e+09
89000 8.9261e+09
90000 9.1112e+09
91000 9.25405e+09
92000 9.22842e+09
93000 9.39018e+09
94000 9.47158e+09
95000 9.49553e+09
96000 9.6743e+09
97000 9.70779e+09
98000 9.75725e+09
99000 9.95831e+09
100000 9.97391e+09
101000 9.98517e+09
102000 1.02005e+10
103000 1.02066e+10
104000 1.02739e+10
105000 1.04599e+10
106000 1.04638e+10
107000 1.05364e+10
108000 1.06797e+10
109000 1.07385e+10
110000 1.082e+10
111000 1.08922e+10
112000 1.09736e+10
113000 1.10909e+10
114000 1.114e+10
115000 1.12273e+10
116000 1.13349e+10
117000 1.13674e+10
118000 1.14549e+10
119000 1.15894e+10
120000 1.15946e+10
121000 1.16906e+10
122000 1.18279e+10
123000 1.18531e+10
124000 1.19489e+10
125000 1.20589e+10
126000 1.20687e+10
127000 1.21758e+10
128000 1.2284e+10
129000 1.23055e+10
130000 1.23821e+10
131000 1.24877e+10
132000 1.25476e+10
133000 1.26123e+10
134000 1.27092e+10
135000 1.27579e+10
136000 1.28483e+10
137000 1.28667e+10
138000 1.29705e+10
139000 1.3047e+10
140000 1.30849e+10
141000 1.31692e+10
142000 1.32116e+10
143000 1.33005e+10
144000 1.33885e+10
145000 1.3426e+10
146000 1.34342e+10
147000 1.3554e+10
148000 1.36145e+10
149000 1.36796e+10
150000 1.37291e+10
151000 1.37887e+10
152000 1.38576e+10
153000 1.39107e+10
154000 1.39513e+10
155000 1.40141e+10
156000 1.40816e+10
157000 1.41567e+10
158000 1.41745e+10
159000 1.42468e+10
160000 1.42924e+10
161000 1.432e+10
162000 1.43974e+10
163000 1.44424e+10
164000 1.45127e+10
165000 1.45384e+10
166000 1.45948e+10
167000 1.46262e+10
168000 1.46812e+10
169000 1.47145e+10
170000 1.47703e+10
171000 1.48394e+10
172000 1.48652e+10
173000 1.49241e+10
174000 1.49517e+10
175000 1.49883e+10
176000 1.50487e+10
177000 1.51126e+10
178000 1.51559e+10
179000 1.51751e+10
180000 1.5214e+10
181000 1.52416e+10
182000 1.52666e+10
183000 1.53196e+10
184000 1.53708e+10
185000 1.54043e+10
186000 1.54806e+10
187000 1.55295e+10
188000 1.5525e+10
189000 1.55152e+10
190000 1.55839e+10
191000 1.56458e+10
192000 1.56805e+10
193000 1.57139e+10
194000 1.56846e+10
195000 1.57814e+10
196000 1.58108e+10
197000 1.58363e+10
198000 1.5842e+10
199000 1.5845e+10
200000 1.59482e+10
201000 1.5985e+10
202000 1.59924e+10
203000 1.59926e+10
204000 1.602e+10
205000 1.60716e+10
206000 1.61113e+10
207000 1.61599e+10
208000 1.61701e+10
209000 1.6176e+10
210000 1.62278e+10
211000 1.62559e+10
212000 1.631e+10
213000 1.63388e+10
214000 1.63882e+10
215000 1.63876e+10
216000 1.64191e+10
217000 1.64666e+10
218000 1.65056e+10
219000 1.6547e+10
220000 1.66189e+10
221000 1.65832e+10
222000 1.6635e+10
223000 1.66736e+10
224000 1.67478e+10
225000 1.67445e+10
226000 1.67465e+10
227000 1.68516e+10
228000 1.68439e+10
229000 1.69286e+10
230000 1.69264e+10
231000 1.69865e+10
232000 1.70014e+10
233000 1.70625e+10
234000 1.70812e+10
235000 1.71166e+10
236000 1.71776e+10
237000 1.72369e+10
238000 1.72691e+10
239000 1.72837e+10
240000 1.73576e+10
241000 1.73533e+10
242000 1.74264e+10
243000 1.74817e+10
244000 1.75451e+10
245000 1.76076e+10
246000 1.76364e+10
247000 1.76565e+10
248000 1.77099e+10
249000 1.77657e+10
250000 1.77604e+10
251000 1.78852e+10
252000 1.78879e+10
253000 1.79958e+10
254000 1.79565e+10
255000 1.80823e+10
256000 1.81392e+10
257000 1.82566e+10
258000 1.82734e+10
259000 1.83166e+10
260000 1.8348e+10
261000 1.85394e+10
262000 1.85255e+10
263000 1.85095e+10
264000 1.86534e+10
265000 1.87544e+10
266000 1.87387e+10
267000 1.88126e+10
268000 1.89474e+10
269000 1.89661e+10
270000 1.90419e+10
271000 1.91715e+10
272000 1.91797e+10
273000 1.93199e+10
274000 1.93387e+10
275000 1.9419e+10
276000 1.94675e+10
277000 1.95465e+10
278000 1.96329e+10
279000 1.97054e+10
280000 1.97745e+10
281000 1.98405e+10
282000 1.9938e+10
283000 2.00288e+10
284000 2.00681e+10
285000 2.0218e+10
286000 2.02262e+10
287000 2.02924e+10
288000 2.04049e+10
289000 2.04256e+10
290000 2.0514e+10
291000 2.06236e+10
292000 2.06836e+10
293000 2.07614e+10
294000 2.08728e+10
295000 2.0909e+10
296000 2.09673e+10
297000 2.09926e+10
298000 2.10065e+10
299000 2.11464e+10
300000 2.11699e+10
301000 2.12806e+10
302000 2.13081e+10
303000 2.1318e+10
304000 2.13712e+10
305000 2.1369e+10
306000 2.14874e+10
307000 2.14621e+10
308000 2.15652e+10
309000 2.15821e+10
310000 2.16055e+10
311000 2.1702e+10
312000 2.17418e+10
313000 2.18114e+10
314000 2.1854e+10
315000 2.18868e+10
316000 2.196e+10
317000 2.20575e+10
318000 2.20361e+10
319000 2.20948e+10
320000 2.21304e+10
321000 2.22016e+10
322000 2.2249e+10
323000 2.22091e+10
324000 2.22943e+10
325000 2.22692e+10
326000 2.24555e+10
327000 2.24381e+10
328000 2.2428e+10
329000 2.24385e+10
330000 2.24131e+10
331000 2.25171e+10
332000 2.24703e+10
333000 2.25482e+10
334000 2.25323e+10
335000 2.2576e+10
336000 2.25394e+10
337000 2.25714e+10
338000 2.25733e+10
339000 2.26276e+10
340000 2.26688e+10
341000 2.2605e+10
342000 2.26037e+10
343000 2.25524e+10
344000 2.26334e+10
345000 2.26993e+10
346000 2.26836e+10
347000 2.26766e+10
348000 2.27418e+10
349000 2.28306e+10
350000 2.27289e+10
351000 2.27694e+10
352000 2.27302e+10
353000 2.2763e+10
354000 2.27741e+10
355000 2.28178e+10
356000 2.28046e+10
357000 2.27547e+10
358000 2.27914e+10
359000 2.27925e+10
360000 2.2558e+10
361000 2.24289e+10
362000 2.217e+10
363000 2.19959e+10
364000 2.18357e+10
365000 2.19804e+10
366000 2.19181e+10
367000 2.19149e+10
368000 2.18425e+10
369000 2.15914e+10
370000 2.30949e+09
371000 -7.35258e+08
372000 2.35925e+07
