# Time-averaged data for fix ave_time_2
# TimeStep f_carbon_top_force[1] f_carbon_bottom_force[1]
100 -0.349235 0.00318449
200 -0.376808 0.442034
300 0.429298 -0.334065
400 0.169657 -2.326
500 1.60131 0.754444
600 0.574515 0.982821
700 -1.11666 2.60807
800 -0.302436 -1.35055
900 0.287323 -0.206756
1000 -0.0677238 0.495749
1100 -0.550013 0.739884
1200 -0.396138 -0.0686978
1300 -0.925129 -0.765936
1400 -0.801894 -0.620755
1500 1.19806 0.469579
1600 0.812778 -1.9523
1700 -1.31373 1.78444
1800 1.23597 1.28777
1900 2.2299 -0.0904074
2000 -0.0839437 -2.8561
2100 -1.50873 -0.508136
2200 -0.935847 0.213967
2300 -1.18927 -0.25266
2400 -0.497603 0.998378
2500 0.799888 0.000152152
2600 -1.03159 0.117438
2700 0.312533 1.4948
2800 0.795539 0.593508
2900 -0.124484 -0.340118
3000 0.483428 0.343038
3100 0.467032 1.11004
3200 -1.74441 -1.43086
3300 1.4192 -0.715353
3400 -0.782155 -1.1948
3500 1.71643 -0.79235
3600 1.44263 -0.451377
3700 -0.908875 0.974138
3800 -0.956655 0.962359
3900 -0.161867 1.49896
4000 1.48716 0.50898
4100 -0.267479 -0.0222915
4200 -0.763642 -0.206133
4300 -1.35734 -1.63489
4400 -0.485166 -0.361059
4500 -1.31362 1.24994
4600 -1.0156 0.134744
4700 0.444577 0.841421
4800 3.36756 0.474852
4900 1.35284 -1.01208
5000 -0.186823 -1.43844
5100 -0.593925 0.0503576
5200 -0.886225 0.228315
5300 -0.303088 -1.34352
5400 -0.0374906 0.177654
5500 -0.089742 1.37258
5600 -0.104501 -1.79536
5700 0.499693 -0.350445
5800 -1.23507 0.673705
5900 -0.166242 1.2971
6000 0.428928 2.30349
6100 -1.82828 1.23373
6200 0.932988 -1.41425
6300 0.378392 -1.12186
6400 -0.485951 -0.505376
6500 -0.307072 -0.468204
6600 0.902836 -0.64833
6700 0.132202 1.11423
6800 1.82952 0.520961
6900 0.174814 -1.37709
7000 1.45354 0.702855
7100 -1.26572 1.46919
7200 0.864941 -1.00865
7300 0.065225 -0.268588
7400 -1.37386 0.655075
7500 -3.12332 0.530392
7600 -1.59175 0.565179
7700 1.88305 0.743888
7800 2.26701 -1.82161
7900 -0.00656265 -0.175994
8000 -0.686802 0.579529
8100 -0.465476 1.27348
8200 -0.47462 -0.345471
8300 0.34876 -1.78125
8400 0.519843 -0.378346
8500 -0.469262 -0.894781
8600 0.505011 0.196958
8700 0.0587367 -1.71909
8800 -1.19754 0.731145
8900 0.922108 1.11809
9000 -1.70212 2.77503
9100 -1.14485 0.318949
9200 1.34086 -0.94198
9300 1.32216 0.305421
9400 -1.14337 -0.931114
9500 -0.174401 -0.0980311
9600 -1.35862 -0.858063
9700 -0.56135 2.18769
9800 0.738313 -1.11881
9900 3.05344 -0.452399
10000 1.16526 0.331911
10100 0.00941997 0.619221
10200 0.668243 -1.12011
10300 -0.448919 0.561185
10400 -1.46963 1.05299
10500 -0.925676 0.706725
10600 -0.628965 0.958129
10700 -0.121024 -1.18298
10800 0.143449 0.0508921
10900 -0.170326 -0.636254
11000 -0.45723 2.06567
11100 -0.512728 0.973208
11200 1.54955 -1.15477
11300 0.433078 -0.422007
11400 -0.509039 -1.89871
11500 0.897584 -1.12134
11600 -0.461113 -0.469282
11700 -0.74461 0.134307
11800 0.537972 0.425082
11900 -0.588889 0.201287
12000 -0.831798 1.05813
12100 -0.1097 0.677624
12200 0.816073 -0.720768
12300 -0.71824 -0.773496
12400 -1.30088 1.98631
12500 -0.504464 0.906746
12600 -1.59092 -0.807215
12700 0.967614 -0.82825
12800 1.31789 0.338989
12900 0.931374 -0.341177
13000 1.11806 0.151411
13100 0.174491 -0.05487
13200 -0.386852 -0.342788
13300 -0.0064479 0.641232
13400 -0.0215434 0.323159
13500 0.981354 -0.0762154
13600 -0.373871 -0.645846
13700 -1.25996 0.683429
13800 -0.400783 -0.0385322
13900 -1.60019 2.29339
14000 1.08842 0.100471
14100 0.290063 1.5647
14200 -0.710976 0.00555114
14300 1.036 -1.25791
14400 -0.0555903 -2.83203
14500 -0.216914 1.10613
14600 -0.116482 0.741887
14700 1.26827 -1.22392
14800 -1.48271 0.443526
14900 0.0320089 -0.775199
15000 0.946041 -0.302092
15100 1.20272 -0.673188
15200 -1.25697 0.323203
15300 -2.01189 1.50994
15400 -1.57275 0.430139
15500 0.782738 -0.0496572
15600 0.138434 -0.817651
15700 -1.18625 0.733728
15800 -1.10682 -0.376068
15900 0.809803 0.437014
16000 1.73172 0.241082
16100 -0.463604 0.351451
16200 -0.150319 -0.89191
16300 0.916712 0.229027
16400 0.657261 -0.868179
16500 0.340978 -1.76258
16600 0.363109 1.64076
16700 -0.214457 1.37095
16800 -0.976798 0.715374
16900 0.833904 1.58603
17000 -1.16379 -1.27802
17100 -0.67776 -0.0628301
17200 -0.521851 1.40592
17300 0.487802 0.534974
17400 0.876936 0.122049
17500 0.135395 1.1542
17600 -0.888557 -1.77076
17700 -0.603371 -1.27803
17800 1.58182 -0.182561
17900 1.6803 0.402954
18000 0.416786 -0.517585
18100 -2.31674 0.749001
18200 -0.199933 -0.0744847
18300 -0.829644 -1.42008
18400 -0.416488 -0.763516
18500 -0.0707129 2.40164
18600 -0.479008 0.166495
18700 -0.479621 -0.0250861
18800 -0.55973 0.171637
18900 -1.42437 0.806443
19000 1.11637 -0.903352
19100 1.06564 0.33023
19200 -0.986457 -0.815671
19300 -0.637188 -1.4022
19400 0.448253 -0.336362
19500 1.04473 0.976411
19600 0.394574 -0.243443
19700 1.17018 1.18161
19800 -0.737281 -0.366571
19900 -0.167957 0.249841
20000 0.115786 0.643091
20100 -1.34743 0.324811
20200 -0.422852 1.39796
20300 1.5185 0.461593
20400 -1.05129 -0.182432
20500 -1.82937 0.443882
20600 0.449963 -0.0297854
20700 2.47118 -0.162228
20800 2.10286 0.550051
20900 -0.814458 -0.0694707
21000 -1.80893 -1.28109
21100 1.10434 -1.28534
21200 -1.0565 0.473399
21300 -0.147962 0.105286
21400 -0.951567 1.43971
21500 0.671608 -0.115874
21600 0.301951 -0.0234079
21700 -0.6003 0.0783052
21800 -1.59939 -0.801211
21900 -1.11317 0.489084
22000 0.25923 1.54139
22100 0.311476 -0.468479
22200 -0.105678 -1.07765
22300 -0.125381 -1.0599
22400 -1.00784 -0.266139
22500 1.75776 0.117733
22600 0.771064 -0.145379
22700 0.0570525 1.15708
22800 -0.254778 0.340067
22900 -0.497158 -0.964078
23000 -0.213672 -0.131433
23100 0.528359 1.16295
23200 0.829417 0.185439
23300 -0.424566 0.763021
23400 -2.3725 1.11982
23500 -1.42116 0.0909973
23600 1.17304 0.572096
23700 1.01877 0.758444
23800 2.00086 0.225078
23900 0.0707658 -1.22603
24000 0.211496 -0.389013
24100 -0.69032 -1.13808
24200 -0.691394 -0.364427
24300 0.330622 2.00572
24400 -0.524796 -0.450945
24500 -0.198284 -0.798725
24600 0.0814502 0.142418
24700 0.426465 -0.0905331
24800 -1.92885 1.6834
24900 -1.57821 0.527737
25000 1.46443 0.0208864
25100 0.992949 -0.78278
25200 -2.41366 -1.16649
25300 -2.57295 -1.10163
25400 1.73758 0.192482
25500 2.25501 0.554051
25600 0.434829 1.03771
25700 -1.33051 0.301809
25800 -0.289221 0.028747
25900 1.35917 -1.60064
26000 -0.123369 -0.292786
26100 -0.18211 0.810673
26200 -1.03742 1.75366
26300 -0.141712 0.0142514
26400 -0.865697 -1.17895
26500 -0.884844 1.09873
26600 0.732347 1.3701
26700 2.11237 0.96106
26800 -0.157598 0.396843
26900 0.00452835 1.11966
27000 -0.384263 -1.44615
27100 0.226728 -1.57169
27200 -0.376699 -0.813073
27300 0.500856 0.645069
27400 0.773448 0.216537
27500 -0.784167 -1.17835
27600 0.0386227 1.11023
27700 -0.95779 2.10187
27800 -0.629117 -0.149834
27900 0.477098 -0.0447266
28000 0.0880748 -0.648765
28100 -1.40268 -0.172825
28200 -1.33686 0.207696
28300 -1.1102 -1.35489
28400 -0.184257 0.935305
28500 1.43344 0.619503
28600 0.899836 -1.04311
28700 0.749527 -0.20677
28800 -0.0566593 0.0422643
28900 -0.188796 -0.0856707
29000 0.279077 -0.673852
29100 -0.909454 0.787921
29200 -1.34493 -0.319232
29300 -0.0115821 -0.0255742
29400 -0.0998264 0.402787
29500 0.295379 0.930877
29600 0.189974 1.35576
29700 -0.415942 1.1435
29800 -0.138107 0.830926
29900 0.117951 0.460009
30000 -0.326552 -1.1334
30100 1.66729 -1.34254
30200 0.944768 0.0675377
30300 -0.399411 -0.112456
30400 -2.00133 -0.573241
30500 1.50418 0.19859
30600 1.12123 1.38453
30700 -0.163271 1.16745
30800 -1.12512 -0.249706
30900 -0.139413 0.111992
31000 -0.490568 -0.221972
31100 -0.00437753 -1.93271
31200 -1.88059 1.5462
31300 -1.77204 0.955435
31400 0.657024 0.483488
31500 0.912204 -1.01979
31600 0.116506 -0.726803
31700 1.19535 0.0270509
31800 -0.899905 0.80586
31900 -0.397241 -1.04594
32000 -0.482285 -0.194765
32100 0.485969 -1.23459
32200 -1.21241 0.108355
32300 0.0747631 0.0457536
32400 0.258979 -0.699312
32500 0.095226 1.10645
32600 -0.599902 2.16612
32700 0.815973 2.25587
32800 -1.60371 -0.243682
32900 0.530069 -0.0782862
33000 0.14173 -0.335773
33100 0.488615 -1.27239
33200 -1.06722 -0.64611
33300 1.17267 0.637997
33400 0.457701 0.876739
33500 0.495185 -0.420594
33600 0.86262 0.696555
33700 -0.595937 1.30624
33800 -0.361394 -0.145718
33900 1.10546 -0.0979718
34000 -0.826937 -0.34747
34100 -2.69165 -0.231612
34200 -0.961657 0.719966
34300 0.0243072 -0.576477
34400 0.693169 -0.32382
34500 0.822342 0.746732
34600 0.626651 1.17053
34700 -0.244996 -1.19699
34800 -0.60487 1.42029
34900 -0.5363 -1.17348
35000 -0.568811 -1.34677
35100 -0.511542 0.0363119
35200 0.486554 -1.22809
35300 -1.78078 -0.446015
35400 1.65762 0.533141
35500 0.235719 1.46907
35600 -0.947271 1.53949
35700 1.0229 1.53447
35800 -0.466348 -0.197868
35900 -1.57529 -1.74579
36000 -0.645196 -1.40328
36100 -0.0269595 1.88543
36200 0.807925 -0.367484
36300 0.60381 0.40539
36400 -1.3441 0.0535155
36500 1.47271 -0.0706616
36600 2.23908 1.18622
36700 1.04561 0.531695
36800 -0.619637 0.77605
36900 -1.55033 -1.02534
37000 -1.90841 -0.558624
37100 -1.04955 -0.932043
37200 0.960142 1.12282
37300 0.347159 1.36602
37400 1.43123 -0.0421513
37500 -1.03693 0.274984
37600 -0.38861 0.185671
37700 -1.01307 0.398304
37800 1.6056 1.79362
37900 -0.704997 -1.66514
38000 -0.947941 -2.54753
38100 -2.14677 -1.65231
38200 0.621739 0.432457
38300 1.50976 0.224072
38400 0.986007 2.01969
38500 0.357998 0.509953
38600 -2.07162 0.454064
38700 -0.399263 -0.0581687
38800 -0.299538 -0.301244
38900 0.136977 -1.25412
39000 -1.00038 0.837773
39100 -0.959187 0.681281
39200 -0.970749 -0.210097
39300 0.0261562 0.524504
39400 2.66667 0.866211
39500 1.83756 0.0931224
39600 1.82151 0.790852
39700 -1.26832 -0.0384774
39800 -2.04924 -1.36063
39900 -0.0613167 0.603795
40000 0.168247 -0.932208
40100 -1.75917 0.384772
40200 0.61455 0.287317
40300 1.62726 1.1398
40400 -0.693156 0.2221
40500 0.0731097 1.77153
40600 0.0554929 0.839946
40700 0.200591 1.22241
40800 -1.28166 -2.11568
40900 -2.02397 -1.42062
41000 -0.0255662 -2.08389
41100 0.450874 -0.247365
41200 -0.0789363 0.614156
41300 1.00305 1.56811
41400 0.567193 0.341311
41500 0.647339 0.973885
41600 -0.850343 -1.68998
41700 -0.740705 -1.01678
41800 -0.185825 1.34289
41900 -1.60609 -0.0435937
42000 -2.91056 -0.483562
42100 -0.645819 -0.183951
42200 1.47566 -0.145488
42300 1.9571 1.72747
42400 0.845534 1.16769
42500 1.10144 1.34839
42600 -0.506486 -0.728186
42700 -1.01037 -0.131069
42800 -0.367367 -1.26313
42900 0.182771 0.0923142
43000 0.76397 -1.9587
43100 -0.806033 0.223105
43200 -0.0303757 1.89739
43300 0.493073 1.40179
43400 1.887 1.65576
43500 0.256935 1.30782
43600 -1.78883 -0.436108
43700 -0.655026 -0.578373
43800 -1.57699 -0.711113
43900 -1.25332 -1.68174
44000 -0.283472 0.740484
44100 1.16124 0.628805
44200 0.541263 0.594569
44300 0.0937 -1.61143
44400 1.30856 -0.667773
44500 1.13351 1.59799
44600 -0.175766 0.107177
44700 -2.45152 -0.6829
44800 -1.33108 -2.02851
44900 -2.60359 0.014871
45000 0.110824 1.40523
45100 1.08259 0.110659
45200 -0.0590228 0.243434
45300 1.09503 1.85903
45400 0.84411 0.879014
45500 -1.40614 0.549054
45600 -0.259214 -0.559781
45700 0.574514 -0.708341
45800 -0.624388 -2.40093
45900 -0.495201 -0.0328125
46000 0.9124 0.783873
46100 0.908602 0.0430817
46200 0.200399 1.9449
46300 -0.312648 1.19602
46400 1.12729 1.50604
46500 0.913791 0.219204
46600 -0.905506 -1.06854
46700 -0.898018 -1.11892
46800 -2.18222 0.733403
46900 -1.39566 0.123916
47000 0.0970511 0.350431
47100 0.668705 0.478025
47200 2.12706 1.0932
47300 1.36582 -0.0593664
47400 -0.724015 -1.27557
47500 -0.190067 -1.0949
47600 -0.660339 1.23705
47700 -1.61055 -0.666515
47800 -1.8927 -1.49431
47900 -0.0173682 -1.15762
48000 0.0891058 0.743051
48100 -0.656388 1.0586
48200 1.80199 0.887434
48300 0.207407 1.62881
48400 -1.03358 0.977619
48500 -1.9692 -0.217643
48600 0.641021 -2.09889
48700 0.0734448 -1.20577
48800 0.552832 -0.00487304
48900 -1.02014 -0.0817499
49000 -0.0125006 0.231719
49100 2.00888 2.25488
49200 -0.0314746 0.744146
49300 0.0901011 0.021868
49400 1.97043 0.27776
49500 0.842894 1.07856
49600 -2.04632 -0.115138
49700 -3.24349 -2.17836
49800 -0.487293 1.46353
49900 -0.220101 0.95293
50000 1.9433 1.55204
50100 0.987434 -0.549457
50200 -0.171687 -0.529172
50300 0.705644 0.551762
50400 0.364841 0.566288
50500 -1.35813 -0.378151
50600 0.484686 -0.888119
50700 -1.21322 -0.645681
50800 -1.62946 -2.52363
50900 -0.331019 -0.858688
51000 0.42302 1.17115
51100 0.458615 2.75101
51200 -0.587805 1.16975
51300 0.391386 0.743423
51400 -0.74359 -0.931874
51500 -1.76711 -1.55284
51600 0.347994 -0.862246
51700 -0.997987 0.972217
51800 -0.732268 -0.470732
51900 1.00946 -1.02866
52000 -0.540273 0.923479
52100 1.35713 1.21954
52200 2.00228 0.402354
52300 1.49995 0.499108
52400 -0.542996 0.796377
52500 -1.46529 -1.16715
52600 -1.61813 0.258541
52700 -1.06567 0.196909
52800 0.877533 -0.120557
52900 0.508193 1.43068
53000 1.06167 0.695047
53100 -0.294996 1.03189
53200 -0.811324 0.799607
53300 1.43258 0.937667
53400 -0.0561927 -0.893696
53500 -1.16423 -0.0963514
53600 -0.294206 -1.29865
53700 0.377363 -3.50079
53800 -1.19054 1.2331
53900 -0.159446 0.4732
54000 0.156447 0.879943
54100 0.981168 2.09927
54200 -0.762582 -1.06932
54300 0.80586 0.500652
54400 -2.11548 -0.817267
54500 -1.15693 -0.797438
54600 -1.14983 0.201806
54700 -0.751673 0.811134
54800 -1.10271 -0.938048
54900 0.966461 -0.160908
55000 1.47017 1.23074
55100 1.78066 -1.21526
55200 -0.0053144 1.05886
55300 0.310584 0.802579
55400 -0.515527 -0.716709
55500 -1.23746 -0.795185
55600 -0.981523 -0.162952
55700 0.0696336 0.418911
55800 0.499594 0.704658
55900 0.327184 1.0828
56000 0.373568 0.439971
56100 0.192437 2.39211
56200 0.247962 2.38835
56300 -1.31919 -0.790389
56400 0.948735 -2.42362
56500 -0.0195095 -0.181418
56600 -0.105421 -1.40612
56700 -0.913658 -0.382578
56800 -0.344209 1.81546
56900 0.963575 -0.439318
57000 -0.0556698 0.394025
57100 0.834985 1.55792
57200 1.11374 -0.706947
57300 -0.687716 0.0264796
57400 -1.54383 -0.747234
57500 -2.67427 -0.805654
57600 -1.37275 0.797609
57700 -0.787284 -0.0313603
57800 0.466069 -0.314923
57900 -0.0301452 0.0896693
58000 1.63624 0.519123
58100 1.16853 -0.517375
58200 -0.0600411 0.902328
58300 -0.996564 0.324003
58400 -1.12203 -0.277308
58500 -0.696212 -1.29217
58600 1.03939 -0.842834
58700 0.175313 -0.890797
58800 0.289093 1.17027
58900 -0.0170316 2.39795
59000 0.156313 0.887298
59100 -0.643576 0.887896
59200 -0.127766 1.69315
59300 1.76587 1.53321
59400 -1.16898 -1.99294
59500 0.346945 -2.45415
59600 -1.75629 -0.235171
59700 -1.4365 0.6551
59800 1.4134 1.71018
59900 2.23264 0.923724
60000 0.841608 -0.805011
60100 0.18217 0.219499
60200 -0.774713 0.0932499
60300 -0.422744 -0.351783
60400 -1.80048 -0.757136
60500 -0.794464 -0.0707427
60600 -1.42201 1.60561
60700 -1.66691 -1.10101
60800 0.664272 -1.11545
60900 2.16378 0.816676
61000 0.257663 0.906915
61100 -0.622836 1.37101
61200 -1.26271 -0.519013
61300 0.256446 -0.846144
61400 -0.317731 -0.687257
61500 -0.0511787 -1.56774
61600 -1.07278 -0.210287
61700 2.05713 0.671601
61800 -1.30965 0.058528
61900 -0.912338 0.746342
62000 1.29861 3.01371
62100 0.686967 0.280051
62200 -0.152016 -0.828297
62300 0.1056 0.728322
62400 -1.46063 0.785155
62500 -0.6766 -1.57546
62600 -1.61137 0.796067
62700 -0.0136114 0.369561
62800 3.10836 1.82913
62900 0.536485 -0.264696
63000 1.13899 -1.01353
63100 0.0263071 -0.375727
63200 -0.750813 1.2373
63300 0.376944 -0.228136
63400 -2.14158 -0.0937549
63500 -0.257778 0.145296
63600 -0.37534 -0.313941
63700 -0.818207 -0.610564
63800 -0.907803 -0.855849
63900 0.989206 1.36428
64000 0.181332 2.724
64100 0.436117 1.21654
64200 -1.27288 -1.14492
64300 -1.53762 -2.07427
64400 -0.387786 -2.01653
64500 0.855715 -0.606483
64600 0.208358 1.40938
64700 -0.816897 0.527385
64800 -0.655359 -0.854126
64900 1.02196 0.406615
65000 0.489018 1.39823
65100 0.255973 0.430535
65200 0.717155 0.261728
65300 -1.1417 0.733893
65400 -2.46814 -0.306999
65500 -1.37452 -0.49778
65600 0.751255 0.0652445
65700 1.19744 0.219807
65800 0.554928 0.533363
65900 1.1761 2.01343
66000 0.321082 0.477825
66100 0.062332 0.38575
66200 -0.138014 0.2937
66300 -0.300532 -0.444115
66400 1.01075 -0.687882
66500 -1.50852 -2.15432
66600 -0.942944 -0.689975
66700 -0.236867 1.62355
66800 -0.369339 2.47504
66900 1.04358 1.11728
67000 0.765762 0.644611
67100 -0.105181 -1.02252
67200 -1.5551 -0.639595
67300 -0.924212 -0.555645
67400 -1.81947 -0.588258
67500 -0.241569 -1.21405
67600 -0.26326 1.50645
67700 -0.0886501 -0.0761616
67800 0.635018 -1.52125
67900 1.33727 0.153775
68000 1.26147 1.35015
68100 -1.26786 0.194797
68200 -1.29904 1.18257
68300 -0.0845946 0.495045
68400 -0.560232 -1.0761
68500 -2.38543 -2.631
68600 0.37009 0.535526
68700 1.40763 1.19414
68800 -0.52329 1.67953
68900 1.17408 2.68673
69000 0.881148 0.688111
69100 -0.0549227 -0.763004
69200 0.310488 -0.873865
69300 -0.270551 -0.748099
69400 -0.425347 0.0412403
69500 -0.239045 -0.259226
69600 -0.628974 0.791587
69700 -0.947775 0.00841616
69800 0.203677 1.13015
69900 2.16467 1.53317
70000 1.39825 -0.637831
70100 -1.10252 0.376603
70200 -2.6316 0.483191
70300 -0.791868 -0.428333
70400 -0.379569 -1.7042
70500 -1.30133 -0.450408
70600 0.495939 -0.287934
70700 0.404688 0.637357
70800 0.763732 -1.29051
70900 -0.904754 0.286324
71000 0.99032 1.52218
71100 -0.0628206 3.15439
71200 -2.31387 -1.60403
71300 -0.523027 -1.37047
71400 0.403355 -1.98691
71500 -1.41957 0.156654
71600 -0.64223 2.09081
71700 1.14291 0.472322
71800 0.709129 0.018196
71900 0.668496 0.821985
72000 0.290741 2.051
72100 0.213702 -0.410816
72200 0.261973 -0.872388
72300 0.631644 0.142598
72400 -0.826713 -0.272066
72500 -1.49997 -0.797531
72600 -1.35013 1.19326
72700 1.03794 1.24835
72800 1.38834 -0.230369
72900 1.72038 0.797402
73000 0.242191 0.677096
73100 -1.38574 0.431348
73200 -1.52819 0.287334
73300 -2.1498 -0.0589338
73400 0.197736 -0.555482
73500 0.0909174 -1.06826
73600 -1.39545 -0.896891
73700 1.30063 -0.7505
73800 0.97014 0.732179
73900 0.245459 1.04675
74000 0.681981 0.460231
74100 -2.02723 0.888756
74200 -1.44925 0.628272
74300 -0.510174 -1.58306
74400 0.880051 -1.48792
74500 0.108378 -0.519026
74600 -0.832662 0.249397
74700 -1.91442 1.12847
74800 -0.300331 1.36665
74900 0.907589 1.43371
75000 1.54512 0.55271
75100 0.363945 0.498975
75200 1.25757 -0.489141
75300 -0.20354 -0.882508
75400 -1.29004 -1.70026
75500 -1.62065 0.328517
75600 -0.669743 1.28415
75700 0.994075 2.26733
75800 0.993713 0.38133
75900 1.55481 -0.879813
76000 0.647887 -0.0600752
76100 -1.11358 -0.185167
76200 -0.231029 3.68311
76300 -2.38708 0.323501
76400 -0.712406 -2.51133
76500 -0.818367 -0.774674
76600 0.931578 -0.479461
76700 -0.840461 -0.213935
76800 0.402115 0.448373
76900 1.00568 -0.0306579
77000 0.40658 1.67188
77100 -2.70589 -0.0184485
77200 0.317964 0.177126
77300 0.863099 -1.63328
77400 0.36604 -1.35538
77500 -2.2095 -0.658375
77600 -2.11155 1.16131
77700 -0.984143 1.40172
77800 1.43713 1.99804
77900 0.831183 0.5528
78000 0.191493 -0.113103
78100 0.573222 0.775821
78200 0.965245 -1.33404
78300 -0.458358 -1.10764
78400 -1.31965 0.046899
78500 -0.00215177 1.19616
78600 -0.225935 1.29294
78700 1.25531 -0.168372
78800 0.0155355 -1.20245
78900 1.09946 0.196464
79000 0.330188 2.49169
79100 -0.0873128 1.0106
79200 -2.40932 0.00515104
79300 -1.24664 0.304199
79400 -0.509764 -0.467415
79500 -0.874712 -1.1227
79600 -0.57342 -1.52053
79700 0.153049 1.21205
79800 2.0025 0.946325
79900 0.117319 0.661045
80000 -1.45853 2.36911
80100 0.747305 -2.27501
80200 -0.196947 -1.61714
80300 0.712645 -1.77798
80400 -0.0744643 0.372518
80500 -2.85637 0.583051
80600 -0.63836 1.98584
80700 -0.195184 -1.03434
80800 0.0280382 0.62826
80900 0.322335 0.358723
81000 0.396947 2.48151
81100 -0.431728 -0.34613
81200 -0.645364 0.257212
81300 -0.31088 -0.425934
81400 -0.955431 0.680142
81500 0.727566 -0.927616
81600 1.14935 -0.198885
81700 0.58271 -1.6231
81800 0.864337 1.54896
81900 -0.507048 0.818977
82000 0.363792 0.104749
82100 -0.207439 1.89483
82200 0.286257 1.62912
82300 -0.908427 -0.932592
82400 -1.58346 -1.87465
82500 -0.259181 0.0669661
82600 -1.29178 1.81001
82700 0.475183 -0.0150249
82800 0.731553 0.855509
82900 -0.422658 1.73506
83000 -0.911127 -0.713842
83100 0.619804 -2.04253
83200 0.900057 -1.48257
83300 -0.520719 -0.147009
83400 -0.279287 0.242549
83500 -1.3213 -0.157549
83600 -2.07017 0.474217
83700 -0.0454656 -0.0990095
83800 1.04512 -0.100022
83900 0.0424475 0.723557
84000 -0.34581 1.45562
84100 0.028653 1.57753
84200 -0.58592 0.0426839
84300 -2.0607 -1.04133
84400 -0.464077 -0.0667424
84500 0.922258 0.688491
84600 1.39216 0.0837241
84700 1.93529 -0.202035
84800 -1.02545 -0.985513
84900 -0.345757 1.11008
85000 1.29163 0.533491
85100 -0.537273 0.588635
85200 -0.211722 1.49922
85300 -0.792078 0.174271
85400 0.245097 -2.31574
85500 -0.332798 1.43316
85600 -2.24135 1.17926
85700 -1.62371 -0.366345
85800 1.05847 1.35185
85900 1.35327 0.611685
86000 -0.605384 -0.749226
86100 0.1589 -0.493216
86200 0.965647 -1.65341
86300 -0.223514 -0.257405
86400 -1.09129 0.636612
86500 -1.22657 0.130538
86600 0.226594 -0.12508
86700 -0.162111 0.104221
86800 -0.770059 0.626388
86900 0.799876 -1.61139
87000 0.0948114 1.62256
87100 -1.29705 2.85492
87200 -0.298222 -0.536488
87300 -0.566161 -0.24765
87400 -2.37154 -1.06263
87500 0.844228 -1.40386
87600 2.19731 0.363842
87700 -0.390488 0.567115
87800 -0.0735425 1.32739
87900 1.19839 1.17411
88000 0.596489 0.326625
88100 -1.66824 -0.237907
88200 -0.635754 0.14467
88300 0.878419 0.432592
88400 -0.703303 -1.28801
88500 -0.0664357 1.03663
88600 -0.80941 1.00538
88700 -0.334463 -0.196795
88800 0.115009 2.29183
88900 1.96214 -0.955947
89000 0.0151064 -0.127439
89100 -0.179371 0.602735
89200 -0.736285 -0.293694
89300 -0.615796 -1.40651
89400 -0.871757 -0.694987
89500 -1.04011 -0.0348493
89600 -0.203948 0.640875
89700 -0.780271 1.00854
89800 0.660982 -0.603831
89900 -0.333531 1.1335
90000 0.34276 0.718022
90100 -0.263335 -0.67344
90200 -1.75454 0.269408
90300 -0.956005 -0.868523
90400 -0.217684 -1.09232
90500 -0.833802 -0.30898
90600 0.374904 1.05959
90700 1.48018 0.512451
90800 0.883174 0.886112
90900 1.37161 0.98561
91000 -0.79112 -0.859005
91100 -0.543512 0.841522
91200 -0.510282 1.59021
91300 -1.38435 -1.2028
91400 -0.287987 -0.848983
91500 0.464958 1.23826
91600 -1.40373 -0.312267
91700 0.39752 1.53671
91800 1.65416 1.75708
91900 1.64742 -0.691058
92000 -0.260469 0.576989
92100 -0.247025 0.193606
92200 -0.517044 0.633233
92300 -1.41885 -2.07321
92400 -0.301011 -0.579559
92500 -0.904201 -0.229903
92600 -0.209467 1.48844
92700 -1.01885 -1.3146
92800 0.353508 0.827257
92900 1.31447 0.881527
93000 -0.350594 0.746309
93100 -0.426601 0.123694
93200 -2.49563 -0.473525
93300 -0.211711 -0.923298
93400 0.353581 -0.602687
93500 -2.02886 -0.841932
93600 0.122625 -0.375809
93700 -0.314344 0.365116
93800 1.41191 0.595144
93900 -0.375075 1.17741
94000 -0.202552 1.95266
94100 2.06615 0.69241
94200 -0.646932 -1.21734
94300 -0.147845 0.258115
94400 -1.50811 -0.471942
94500 0.638949 1.12271
94600 0.377293 0.502591
94700 -0.499631 -0.229914
94800 0.185723 1.08714
94900 0.0227694 0.486364
95000 0.927693 1.37045
95100 0.187629 -0.313821
95200 0.547725 1.40099
95300 0.67814 0.561187
95400 -2.11722 -0.000982255
95500 -1.9777 -1.46814
95600 -0.239827 -0.949361
95700 1.17133 0.12689
95800 -0.937662 0.0128835
95900 -0.760594 0.110498
96000 1.60274 0.305885
96100 0.514007 0.61106
96200 -1.24521 0.164365
96300 -1.54805 -0.456253
96400 -0.606795 0.0184937
96500 -0.18692 -1.3752
96600 -1.93984 -0.112591
96700 -1.50584 -0.598756
96800 0.258525 -0.202885
96900 0.999748 1.41091
97000 1.06374 -0.0083087
97100 1.06472 0.552744
97200 -1.55502 0.389984
97300 -0.125034 1.46712
97400 0.425403 0.52615
97500 -0.344572 -1.83908
97600 -0.0470712 0.800825
97700 0.108672 -0.000372078
97800 -0.738311 0.720981
97900 -0.17123 0.147045
98000 1.74472 1.16013
98100 0.579182 1.46974
98200 0.207726 1.58601
98300 -0.428095 -0.601212
98400 0.589185 -0.72151
98500 0.824909 -0.593185
98600 -2.58221 -0.370043
98700 -1.84602 0.639202
98800 0.609123 1.17478
98900 0.124964 -1.63109
99000 -1.20962 0.491764
99100 0.675643 0.867465
99200 1.17083 -0.358049
99300 0.30778 2.06762
99400 -0.772584 0.601529
99500 -1.84979 -1.61804
99600 -2.44742 -1.6313
99700 -0.502119 -0.380554
99800 -0.0563283 -0.956934
99900 1.07574 0.0226519
100000 0.700439 -0.351816
100100 -0.0317571 1.72212
100200 -0.467014 1.15393
100300 -0.185051 -0.0891953
100400 -0.481951 -0.0185256
100500 -0.291176 1.98668
100600 -0.559428 -0.279638
100700 -0.535602 -2.15877
100800 -1.13884 0.739971
100900 0.372968 1.02997
101000 1.19825 0.405824
101100 0.3654 0.794985
101200 1.69846 1.15548
101300 0.167524 1.62026
101400 -0.51111 -0.166843
101500 0.46542 -1.14833
101600 0.422387 0.753133
101700 0.00336489 -0.97506
101800 -1.99888 -0.037036
101900 -1.63524 0.0999906
102000 -0.139931 0.761811
102100 0.455842 0.387371
102200 1.15338 0.958626
102300 0.706631 1.06706
102400 -0.332335 0.904325
102500 -1.85906 -2.00054
102600 -0.380738 -0.893451
102700 -2.433 0.101081
102800 -1.03112 -0.322378
102900 0.754583 -1.05586
103000 -0.811582 -0.638554
103100 1.71471 0.966829
103200 -0.507947 -0.450701
103300 0.0840516 1.67068
103400 0.188556 -0.00909428
103500 0.0902684 0.468124
103600 -1.14236 -0.471061
103700 -1.27 -0.913749
103800 -0.772248 0.925436
103900 0.498625 -0.342547
104000 1.58467 0.506109
104100 0.0372733 2.28089
104200 0.313432 0.918582
104300 -1.21163 1.04835
104400 1.06714 0.0853141
104500 0.550534 0.495524
104600 1.32041 -0.4317
104700 -1.31096 0.00374822
104800 -0.918166 -1.18944
104900 -0.277811 0.139305
105000 -0.647435 0.175368
105100 1.01375 1.61622
105200 -0.111526 0.930657
105300 1.04595 0.766227
105400 -0.647298 -0.75613
105500 -0.544954 -0.938969
105600 -1.73879 -0.341132
105700 -0.93852 1.12924
105800 -0.62036 -0.0962473
105900 -1.42517 -0.445472
106000 -1.37301 -1.52365
106100 1.83673 -1.10307
106200 0.83305 1.23932
106300 0.0352724 1.23535
106400 0.519715 0.255552
106500 -0.379625 0.150184
106600 -1.14419 -0.247974
106700 -2.07444 -0.311275
106800 -0.901712 -0.894979
106900 1.55092 -0.250454
107000 0.0246608 1.009
107100 0.806001 1.41613
107200 -0.95194 0.826975
107300 -0.171015 0.396395
107400 0.970446 2.2179
107500 0.831799 1.63705
107600 1.29021 -0.18333
107700 -1.14928 -1.22282
107800 -2.45506 -0.427362
107900 1.57108 -1.13514
108000 0.466861 -0.419299
108100 0.46394 1.29182
108200 -0.608268 1.34821
108300 -0.304658 1.77351
108400 0.528173 -1.31073
108500 -0.175766 0.0543326
108600 -0.795351 1.0586
108700 0.0821777 0.416008
108800 -0.878127 -1.24011
108900 -2.87398 -1.48476
109000 -2.23723 -0.397537
109100 -0.164776 -0.272745
109200 1.1559 1.37801
109300 1.25332 0.633331
109400 1.19645 0.300542
109500 0.49935 -2.16763
109600 -1.88016 -0.0859635
109700 -2.15383 0.560428
109800 0.236114 -0.650001
109900 0.86782 0.842204
110000 -0.618934 0.806201
110100 -1.14207 -1.4043
110200 -0.426865 -0.343988
110300 0.653188 1.61554
110400 0.958582 3.80708
110500 1.27286 0.883123
110600 0.590948 0.857987
110700 -0.896845 -0.310349
110800 -1.19952 -1.46546
110900 -0.232614 -1.92249
111000 1.19543 0.539588
111100 1.30761 0.989962
111200 -0.329604 2.30106
111300 -1.38448 -0.628148
111400 1.16068 0.0502843
111500 -0.877835 0.387384
111600 1.10207 1.60989
111700 -0.21862 -0.484483
111800 -1.43897 -0.354454
111900 -2.10267 -0.750461
112000 -1.54372 -1.07489
112100 -1.34355 -0.00732432
112200 0.473924 0.652702
112300 1.55509 1.55714
112400 0.473326 -0.781958
112500 0.846169 -1.07635
112600 -1.43276 -0.341617
112700 -0.39147 0.770987
112800 -0.77794 0.0660847
112900 0.153158 -0.583231
113000 -1.22995 0.087778
113100 -1.84487 -0.698232
113200 -0.602651 0.251388
113300 0.790745 0.780847
113400 2.24114 2.34459
113500 -0.179989 1.30128
113600 0.960957 1.29199
113700 -0.704218 0.350573
113800 -1.29753 -2.16189
113900 0.632133 -1.04992
114000 0.925888 0.738984
114100 0.108305 0.912162
114200 -1.1284 0.28049
114300 1.2873 -0.797475
114400 0.910587 0.822241
114500 -0.839634 2.12124
114600 0.135852 1.42064
114700 1.33151 0.13703
114800 -1.09175 -0.00355018
114900 -1.28181 -1.24504
115000 -3.00482 -1.51289
115100 -0.947701 -0.236643
115200 0.88925 1.4466
115300 0.23622 -0.374654
115400 0.451379 0.312147
115500 0.502845 0.661427
115600 -0.947327 -1.49318
115700 1.16944 0.278661
115800 -0.263171 -0.633544
115900 -1.53707 -0.223948
116000 -1.56657 0.0225292
116100 -1.32926 -0.635746
116200 -1.03553 -1.01348
116300 -0.437689 0.104978
116400 2.1125 2.18658
116500 1.40698 2.87737
116600 -0.0925173 0.978676
116700 0.176518 -0.0530989
116800 -1.03883 -0.569987
116900 -0.358664 -1.18684
117000 -0.471118 0.875754
117100 0.467641 0.368817
117200 1.46501 -1.6724
117300 -0.0688388 -0.483448
117400 -0.282918 1.70058
117500 1.3491 1.04046
117600 0.694629 1.66383
117700 0.123065 1.50659
117800 -0.138788 -0.645678
117900 -1.37654 -0.228154
118000 -2.64056 0.00260541
118100 -1.50854 -1.61795
118200 0.0504597 0.747397
118300 0.0900418 1.35306
118400 0.745419 -1.1175
118500 -0.321281 0.0297254
118600 0.0449638 0.274496
118700 -0.468532 -0.424556
118800 1.1291 -0.721
118900 0.707806 1.22845
119000 -0.50955 -1.16748
119100 -2.75482 -1.72109
119200 -0.641781 -0.719719
119300 -1.38298 0.227099
119400 -0.131851 1.29278
119500 0.927605 1.87178
119600 0.537417 1.37749
119700 -0.349456 2.09832
119800 0.172959 -0.652136
119900 0.168225 -0.380756
120000 0.758163 -0.550793
120100 -0.892161 0.42078
120200 0.18978 0.0324772
120300 -1.1049 -0.999335
120400 0.187309 -0.0189816
120500 2.16471 0.832143
120600 1.02278 0.885275
120700 0.213677 0.88194
120800 0.561751 1.85183
120900 0.285354 -0.299022
121000 -3.09675 -1.45886
121100 -1.16 0.38153
121200 -0.979723 0.784039
121300 -0.591191 -0.459783
121400 -0.425455 0.125821
121500 0.318684 -0.218104
121600 0.909944 0.0674631
121700 -0.241679 0.0479914
121800 0.0804244 1.11498
121900 0.521064 0.137849
122000 -1.02096 -1.14757
122100 -0.136068 -2.34411
122200 -1.36196 -0.9389
122300 -1.55076 0.297956
122400 -0.853797 -0.120632
122500 0.945795 -0.327874
122600 0.784461 1.82729
122700 0.134317 2.97759
122800 -0.529326 0.421471
122900 -0.58436 -0.303048
123000 -0.0693514 -0.0460306
123100 -0.525725 0.484315
123200 0.295459 0.032218
123300 -0.184831 -1.06674
123400 0.400041 -0.317018
123500 0.518777 -0.540838
123600 0.457184 -0.274259
123700 1.22947 1.53305
123800 0.0729876 2.13934
123900 1.30546 1.09733
124000 0.148957 -0.834555
124100 -1.82582 1.40705
124200 -4.76369 -0.509933
124300 -0.324731 -0.517096
124400 0.675103 0.450074
124500 0.444427 0.704318
124600 -0.354004 0.989493
124700 0.185683 -0.613909
124800 0.262934 -0.155299
124900 1.05141 -0.586447
125000 0.891141 0.0151367
125100 -0.225516 0.46689
125200 -1.43664 -1.14986
125300 -0.531222 0.212688
125400 -0.66824 -3.1763
125500 -1.35928 -0.285396
125600 -1.22907 2.55458
125700 0.953019 2.38966
125800 0.578814 1.97917
125900 -0.614631 -0.0434131
126000 -1.66909 -0.765383
126100 -0.505815 0.427941
126200 0.144385 0.59159
126300 0.319548 -1.31061
126400 0.549549 0.100904
126500 -0.285044 -0.466539
126600 0.0584496 -0.555914
126700 0.0594529 -0.027818
126800 1.16866 1.26726
126900 1.79576 0.685011
127000 1.03028 1.6283
127100 -0.868357 0.74748
127200 -1.14569 -0.261271
127300 -2.1317 -0.237845
127400 -1.65904 -0.692335
127500 -0.353016 0.297239
127600 -0.317031 2.27924
127700 0.873009 0.671999
127800 -0.435436 -0.448837
127900 0.772304 -1.19899
128000 -0.267238 -0.088911
128100 0.507999 0.967193
128200 0.275742 -0.213845
128300 -0.115955 -1.95746
128400 -0.990691 -0.871517
128500 -1.03091 -0.50744
128600 -1.65617 -0.591246
128700 -0.474759 0.949383
128800 0.827441 1.42949
128900 1.02857 0.832909
129000 -0.896717 2.44881
129100 -1.23309 0.431761
129200 -1.23336 0.143034
129300 1.76462 -0.320602
129400 -0.678733 -0.369335
129500 -0.85056 -0.857243
129600 -0.744106 -0.476253
129700 0.911812 0.816966
129800 1.25238 -0.119659
129900 1.5579 -0.0338386
130000 -0.255604 0.298937
130100 1.92192 0.772238
130200 -0.116712 1.40091
130300 -0.711385 -0.948548
130400 -3.39188 0.254435
130500 -0.887379 0.355141
130600 -0.203157 1.70978
130700 -0.915557 0.1922
130800 -0.539737 -0.453726
130900 0.473326 0.393215
131000 1.14285 1.38705
131100 -0.392831 0.8043
131200 0.301612 -0.760626
131300 1.55898 -1.13041
131400 -0.384762 -0.842554
131500 -1.20475 -2.00312
131600 -0.740254 -0.656274
131700 -0.347125 1.21812
131800 0.0835774 -1.3682
131900 -0.518446 1.70692
132000 -0.0685817 1.23001
132100 -2.0919 1.48766
132200 -0.849605 0.356199
132300 0.746865 0.194628
132400 -0.0419806 -0.460454
132500 -1.24032 -0.186188
132600 -0.421908 0.787315
132700 0.174056 -1.30593
132800 1.25821 -0.223436
132900 0.0807593 0.128855
133000 0.473037 0.615969
133100 1.58437 1.6188
133200 -0.113628 -0.999952
133300 1.90789 -0.111092
133400 0.69323 0.917251
133500 -2.86423 0.185976
133600 -2.26757 1.00963
133700 -0.19506 0.414349
133800 -0.179421 0.257184
133900 1.0446 0.959239
134000 0.456831 1.06239
134100 -1.70812 1.07434
134200 -0.0356068 -0.95237
134300 0.747586 -0.389189
134400 0.774783 -0.709323
134500 -1.28131 -0.234954
134600 -0.223693 -1.29379
134700 -0.507257 -0.24651
134800 -0.423703 -0.0489169
134900 -0.387328 -1.65508
135000 0.671446 -0.0238553
135100 -0.172725 1.98784
135200 -1.10964 1.94236
135300 -0.860818 0.273753
135400 -0.337608 -0.107609
135500 -0.0773783 0.296062
135600 -0.818265 -0.778986
135700 -1.44311 -0.118533
135800 0.241239 0.302098
135900 0.679276 -0.0717363
136000 1.21908 0.179466
136100 0.732365 -0.182582
136200 -0.389196 0.915421
136300 0.977952 0.357523
136400 2.06399 1.03583
136500 -0.502992 0.294468
136600 -1.49145 -1.9645
136700 -1.05763 0.281759
136800 -0.630983 0.875317
136900 1.28872 1.15353
137000 -1.7089 -0.0581362
137100 -0.743465 1.81763
137200 -0.337439 -0.0239177
137300 0.984463 0.908978
137400 0.673891 0.902013
137500 -1.88709 -0.967026
137600 0.286164 -1.30831
137700 0.0414749 0.231627
137800 0.489871 -1.88041
137900 -0.831952 -0.425627
138000 -0.850921 -1.44882
138100 1.74215 1.36375
138200 -0.547877 1.21329
138300 -0.101126 0.338152
138400 -0.632362 -0.419909
138500 -0.505146 0.23841
138600 -2.18562 0.790577
138700 -0.887441 0.746242
138800 0.60743 -1.09117
138900 -0.169088 -0.064821
139000 0.400476 0.48085
139100 -1.46407 0.53903
139200 0.672521 0.00528698
139300 1.22191 -0.350178
139400 0.885913 0.411922
139500 1.29918 0.310888
139600 0.625422 0.321949
139700 0.838654 -0.131138
139800 -2.43653 0.0588287
139900 -1.64856 0.0289788
140000 0.654393 0.541479
140100 0.305087 0.678519
140200 0.397741 0.829547
140300 0.154567 0.738174
140400 -1.29815 0.00208746
140500 0.0442095 1.25384
140600 0.100326 -0.730691
140700 -1.33883 -1.03939
140800 0.314382 0.422269
140900 0.387278 -0.772222
141000 -0.796738 -0.272837
141100 -0.588828 -0.928723
141200 1.4208 -1.0011
141300 1.72144 0.54413
141400 -1.55372 0.619538
141500 -2.04495 1.11516
141600 0.368761 0.700784
141700 -0.292738 -0.272011
141800 -0.780451 -0.810261
141900 -1.35928 -0.0143629
142000 0.62573 0.0966787
142100 -0.625417 0.662251
142200 0.345499 0.0318874
142300 0.110091 0.599858
142400 0.269815 -0.500761
142500 0.400541 0.428634
142600 0.89419 0.285202
142700 0.677233 -0.624903
142800 0.762028 -0.795899
142900 -0.478056 2.60305
143000 -0.592604 0.13945
143100 -1.8853 -0.583086
143200 1.01563 -0.47224
143300 0.438859 -0.0936191
143400 0.495873 1.93513
143500 -0.784466 0.422032
143600 -0.384613 0.255368
143700 0.0970984 0.576256
143800 1.09445 0.499383
143900 -2.02802 -1.359
144000 -0.235168 0.1055
144100 0.663304 -0.117312
144200 1.47857 -0.578297
144300 -1.12963 -1.86495
144400 -0.834534 -0.38648
144500 -1.05753 1.32889
144600 -0.757041 2.01235
144700 1.22509 -0.400271
144800 2.12349 -1.14745
144900 -1.62657 0.755621
145000 -2.92467 -0.42945
145100 0.0818393 -0.463613
145200 0.724315 -0.0776061
145300 -0.648932 -0.58476
145400 -0.792653 0.287372
145500 -0.640717 1.69333
145600 -0.102733 -0.10338
145700 2.08702 -0.985874
145800 1.67121 0.237597
145900 0.368698 0.426133
146000 -1.34459 0.730345
146100 -0.878331 -0.120678
146200 0.435464 0.630832
146300 0.219904 -1.46003
146400 -0.132013 0.474825
146500 -1.05331 1.82697
146600 1.80827 0.605527
146700 0.233661 0.236474
146800 0.447299 1.59257
146900 0.0646424 -0.54098
147000 -0.930669 0.654297
147100 -0.880902 0.460705
147200 1.11768 0.589165
147300 1.07364 -2.13891
147400 -1.59105 -1.74978
147500 -0.564652 -0.700206
147600 -1.31887 0.637412
147700 1.24734 2.03742
147800 -0.489609 -1.21527
147900 -0.038124 0.0940042
148000 -0.466913 0.0738398
148100 -0.983135 -0.999758
148200 0.574064 0.836624
148300 -1.58516 -0.962891
148400 -0.794427 0.992708
148500 -1.05995 -0.912249
148600 -0.610158 -0.376732
148700 -0.526444 -0.319651
148800 0.625864 -0.167439
148900 1.02919 0.831708
149000 1.88805 1.33166
149100 0.241675 -0.195633
149200 -0.205587 0.283853
149300 -0.323027 -0.176444
149400 -0.186736 0.758349
149500 0.338549 -0.331778
149600 0.361143 1.29774
149700 -0.92546 0.245167
149800 0.394563 0.321496
149900 0.876924 0.895348
150000 1.09898 -0.115113
150100 -0.280128 1.47641
150200 -0.860894 1.20559
150300 -1.3191 1.35636
150400 1.00053 -1.42648
150500 0.68901 -2.22596
150600 -0.124271 -0.85374
150700 -1.99721 -0.144229
150800 0.842175 1.27312
150900 0.365515 0.540634
151000 -0.880893 -0.665097
151100 -0.842709 -1.95205
151200 0.0371659 -0.599852
151300 -0.506952 1.07333
151400 -0.708741 0.510621
151500 0.849097 -0.178906
151600 -0.467349 -0.983689
151700 -2.56377 0.261457
151800 -1.65305 0.544621
151900 0.272657 -0.79277
152000 0.589784 0.253349
152100 1.31213 0.382386
152200 1.09447 -0.0185877
152300 -0.47818 -0.344302
152400 -1.61324 1.15786
152500 1.28779 -0.0387752
152600 1.78071 -0.275495
152700 1.69146 0.459226
152800 -0.0808314 1.06905
152900 -2.34135 -0.639804
153000 -0.386791 1.03411
153100 0.853633 0.973402
153200 0.174981 1.08079
153300 0.0321122 0.654975
153400 -0.207247 1.19356
153500 0.888273 -0.130202
153600 0.136983 -0.440555
153700 -0.162087 -0.618084
153800 -0.799291 0.0957079
153900 -0.490747 0.99893
154000 0.524782 -1.70805
154100 0.529255 -0.73122
154200 0.643376 -0.285376
154300 -0.249291 -1.50959
154400 -1.07019 0.918849
154500 -1.49533 1.57413
154600 0.0193991 -0.778694
154700 -1.31674 -0.694255
154800 -0.311017 0.450881
154900 -1.79866 -0.585934
155000 -2.14331 -0.21624
155100 1.27265 1.3875
155200 0.924061 -0.833603
155300 0.185012 0.498523
155400 0.885245 0.166219
155500 -0.894241 -1.31404
155600 0.816265 0.328822
155700 -0.410676 -0.0537214
155800 -0.0717341 0.158033
155900 0.918516 -0.620299
156000 0.854269 1.12349
156100 -0.707373 0.427081
156200 0.508765 0.380761
156300 -0.106657 2.73546
156400 -1.77525 2.13553
156500 -0.457607 -1.86347
156600 2.07362 0.615353
156700 0.64752 1.95617
156800 0.421969 -1.00379
156900 -1.45448 -0.761459
157000 -1.2136 0.967101
157100 0.459187 -1.43755
157200 -0.0128532 -0.75609
157300 0.922377 0.273708
157400 1.9591 1.50236
157500 -0.837255 -1.05528
157600 -0.292399 -0.95504
157700 -0.24797 0.729464
157800 -2.30236 -0.102342
157900 -1.65722 -0.284866
158000 -0.605537 1.32205
158100 -0.599964 0.728159
158200 0.272392 -1.51682
158300 0.47795 -1.91706
158400 -1.58273 2.12455
158500 0.0355048 0.0134142
158600 -0.901355 0.145499
158700 1.39218 -0.88225
158800 0.922947 -0.352629
158900 0.591065 0.318944
159000 -1.50069 -0.486253
159100 -0.139252 -1.04453
159200 1.74785 0.982187
159300 0.180823 1.23598
159400 -0.277483 0.0940793
159500 -1.3947 0.828043
159600 -0.585254 1.43203
159700 0.72577 0.847115
159800 0.665777 0.48174
159900 -0.0966706 0.581663
160000 -0.463026 0.504629
160100 -0.258617 -0.548908
160200 0.302947 -0.109214
160300 0.563027 -0.263843
160400 -0.38805 1.20155
160500 0.409349 0.148906
160600 0.291308 -0.691173
160700 2.39445 -1.17129
160800 -1.35942 -2.04936
160900 -2.29638 0.586438
161000 -0.499096 0.711013
161100 -1.55898 1.85872
161200 -0.71755 0.318671
161300 0.361869 -0.516964
161400 0.16592 -0.852594
161500 -0.997799 0.16882
161600 -2.44591 1.41021
161700 0.569524 -0.710638
161800 0.160489 -0.704066
161900 -0.875795 0.0456239
162000 0.157543 -0.153121
162100 2.09105 0.208443
162200 1.07821 -0.910108
162300 1.17374 -0.522539
162400 -1.7433 -0.0264812
162500 -1.30687 1.35823
162600 -0.999603 2.50642
162700 0.0560354 0.0573215
162800 1.15747 0.285611
162900 0.178625 -0.784495
163000 -0.827107 1.80409
163100 -0.605682 0.369686
163200 -0.449965 0.197688
163300 0.124655 0.545624
163400 0.616684 0.374006
163500 1.13505 0.992627
163600 0.828573 0.327968
163700 -0.558265 -1.88388
163800 -0.149106 -1.67413
163900 0.0218784 -0.89007
164000 -0.397237 0.449064
164100 -0.487144 1.44734
164200 -0.667558 1.31206
164300 0.824848 0.875533
164400 0.0394004 -0.307209
164500 -1.56724 -0.183268
164600 -1.88222 -0.120368
164700 0.585246 1.02248
164800 -0.367337 1.48065
164900 -1.36258 -1.03641
165000 -0.0774209 -1.05266
165100 -0.0358372 -0.899905
165200 0.563888 -0.688352
165300 0.647454 -0.853139
165400 0.199902 0.180125
165500 1.61143 2.33853
165600 -0.927602 -0.611884
165700 -2.30794 0.858434
165800 -1.04421 -1.3347
165900 -0.157606 0.290191
166000 -0.229302 -0.0231813
166100 0.0177282 0.459081
166200 0.585132 0.644102
166300 -0.42671 1.83286
166400 0.506063 1.16186
166500 -1.43982 1.57278
166600 1.49836 -0.077472
166700 1.45789 -0.969725
166800 0.314984 -1.17735
166900 -0.710529 0.377285
167000 -1.42489 -1.75645
167100 0.953361 0.127618
167200 1.15264 2.87838
167300 -0.532123 -0.108174
167400 0.0588779 0.442015
167500 -0.451738 0.0773228
167600 -0.559266 0.76532
167700 0.108993 -0.356001
167800 -0.475245 2.02158
167900 -1.95955 0.092219
168000 -0.495622 0.307665
168100 -1.35847 -1.75568
168200 -0.960749 -0.825558
168300 0.581382 -1.19734
168400 0.986262 -0.294038
168500 1.93821 1.43957
168600 0.320812 0.70706
168700 -2.07629 -1.50891
168800 -1.08618 0.788479
168900 0.270111 -0.109317
169000 -0.787861 0.0026345
169100 -1.07366 -0.669913
169200 0.937084 1.58698
169300 -1.28016 0.149752
169400 -1.19421 -0.0909836
169500 0.935366 1.96119
169600 -0.36552 1.01378
169700 -0.294648 2.10635
169800 2.00511 -0.243152
169900 0.897284 -1.62415
170000 -0.618045 -0.260566
170100 1.3512 -0.505482
170200 -0.0725455 -1.36139
170300 -0.873088 0.946682
170400 -1.1113 1.62183
170500 -0.695273 1.03685
170600 0.844599 0.325652
170700 0.0338846 0.855193
170800 -0.679014 -0.34175
170900 0.235519 0.606903
171000 -2.09832 -0.0851703
171100 -0.707817 0.212288
171200 -0.843142 0.645804
171300 -1.63856 -0.669911
171400 0.425968 -0.714647
171500 1.43262 -1.02561
171600 0.558746 0.246543
171700 -0.0172049 -1.25818
171800 -0.141699 1.24122
171900 -0.908636 0.315602
172000 -0.20344 -0.685861
172100 -0.636163 0.323148
172200 -0.489595 2.41348
172300 0.467389 0.0233193
172400 -0.391733 -1.77364
172500 -0.776459 0.204461
172600 -1.00595 2.41707
172700 -0.0291019 1.2488
172800 -0.133338 0.296479
172900 1.12442 0.158977
173000 -0.436965 1.03649
173100 0.778579 -1.13333
173200 1.87957 -1.48647
173300 -0.750931 1.64346
173400 0.792775 -0.177829
173500 -0.377147 -0.27787
173600 -0.901873 -0.024521
173700 -0.621322 0.638998
173800 -1.01742 0.755121
173900 0.39925 0.862744
174000 -0.10705 0.372776
174100 -1.3064 1.04284
174200 -0.42921 0.0401318
174300 -0.910541 -0.0429952
174400 -1.78054 0.716128
174500 0.502394 -1.6606
174600 0.188854 -1.44944
174700 0.737957 -0.492178
174800 0.199183 -0.261199
174900 -0.252401 -0.445192
175000 0.519765 0.923735
175100 -0.225433 1.35979
175200 -1.28863 0.454771
175300 -0.0271805 -0.388465
175400 -2.23728 0.392773
175500 -0.776889 0.84222
175600 0.251456 0.56245
175700 -0.44013 1.1462
175800 -0.123458 -0.641714
175900 0.520471 1.24168
176000 -0.0267813 0.934223
176100 0.0287612 -0.379871
176200 2.75965 -0.139297
176300 0.360912 -0.288077
176400 0.517267 0.249291
176500 -1.26041 0.643971
176600 -1.28134 -0.585519
176700 -0.0973128 -0.0335616
176800 -0.511834 0.145772
176900 -0.119474 1.62278
177000 -0.505845 1.91765
177100 -0.271394 -0.167564
177200 0.515296 -0.247181
177300 -0.350213 0.935886
177400 -1.24557 1.14566
177500 -0.509073 -0.109301
177600 -0.461662 -1.01522
177700 -0.692718 -1.26443
177800 -0.639196 -1.9447
177900 -0.560714 0.0117318
178000 0.540342 0.285764
178100 0.94417 0.661652
178200 0.4232 0.676889
178300 0.131982 1.42415
178400 -1.92099 -0.812782
178500 -0.804917 0.500353
178600 -0.877904 -2.107
178700 -0.605636 -1.24722
178800 -1.12825 1.63842
178900 -0.0050338 2.14716
179000 -0.911996 0.866452
179100 -0.680014 2.3557
179200 0.981781 0.737718
179300 0.9424 -1.72391
179400 0.272549 0.294288
179500 0.749157 0.771065
179600 1.27914 0.0169188
179700 -0.00379527 0.225974
179800 -0.954547 -1.29747
179900 -0.596689 0.969342
180000 -0.373745 0.199359
180100 0.741234 1.36674
180200 0.407909 1.68754
180300 -0.757754 0.194052
180400 0.141235 0.0474205
180500 -1.59518 0.736301
180600 -1.60809 1.30806
180700 0.324585 -0.735902
180800 -0.632783 -0.976775
180900 -1.539 0.55916
181000 0.546037 -0.744015
181100 0.191609 -0.862866
181200 0.447481 0.45367
181300 0.571294 -1.39091
181400 -0.786155 0.978426
181500 -1.47279 0.798683
181600 -0.0878125 -0.586049
181700 -0.190327 0.75228
181800 -0.569443 -0.178592
181900 -1.66246 -1.32073
182000 0.0435988 1.16688
182100 -1.50053 -0.134557
182200 -0.18713 2.26041
182300 1.42299 1.46432
182400 -1.33562 0.375074
182500 1.05167 0.193427
182600 0.551048 -0.00826996
182700 -0.229318 -0.399231
182800 -0.771367 0.69466
182900 1.73457 -0.0544502
183000 -0.428224 -0.36912
183100 -1.22766 0.703121
183200 0.632502 1.20802
183300 1.17951 0.190156
183400 0.104507 1.68852
183500 0.0757448 -0.137077
183600 -0.133069 0.656355
183700 -1.48266 1.32203
183800 -2.30227 0.916901
183900 -0.808989 -0.803808
184000 0.767795 -0.0261462
184100 -0.421478 -0.547311
184200 -0.992058 -1.12035
184300 0.280429 0.764897
184400 -0.311524 0.336346
184500 1.20943 -0.220247
184600 -1.02359 -0.937971
184700 -0.77178 -0.919597
184800 -1.29565 -0.417919
184900 -0.483624 1.47065
185000 -1.08739 0.638005
185100 -0.557834 -0.234985
185200 0.633238 1.85208
185300 -1.77192 0.394555
185400 0.386917 -0.701969
185500 -0.195435 0.809875
185600 1.07019 0.561019
185700 -0.245347 1.02608
185800 -0.620953 0.311938
185900 1.24402 0.154594
186000 0.201148 -1.27037
186100 0.923981 -0.795355
186200 0.323367 1.40685
186300 -0.712283 0.982021
186400 -0.388654 1.06385
186500 -0.0914699 0.217134
186600 -0.557438 0.981298
186700 -0.746258 -0.269681
186800 -0.0460947 1.31388
186900 -0.399232 0.814224
187000 -1.17811 -0.404985
187100 -0.648434 0.110133
187200 0.198469 1.1529
187300 -0.801756 -0.495572
187400 -1.70101 -1.08192
187500 0.491901 -1.23857
187600 1.75319 0.571976
187700 -0.0436127 -0.953774
187800 -0.449831 -0.491638
187900 -0.365857 0.475298
188000 -1.59457 0.763016
188100 -0.895909 1.26988
188200 -0.973567 0.661168
188300 -0.672265 -0.0779816
188400 -0.187563 0.264374
188500 1.74962 2.0526
188600 -1.38727 -0.688134
188700 -0.621416 0.0241111
188800 0.237578 0.224717
188900 1.05965 1.20531
189000 -1.36096 0.310952
189100 1.81852 -0.481711
189200 0.784487 0.19465
189300 -0.344787 -0.0393305
189400 0.297719 0.415926
189500 -1.36727 0.604546
189600 -1.36636 2.12178
189700 -0.569567 1.09267
189800 -0.166904 1.06077
189900 0.926821 1.84189
190000 -0.286589 -1.48589
190100 -0.318209 -0.70277
190200 0.191419 -0.342631
190300 -0.544025 1.78434
190400 -0.435744 0.0666762
190500 -0.786412 -0.274674
190600 -0.996442 -1.59023
190700 -0.675379 -0.870053
190800 1.48163 0.691753
190900 -0.179047 -0.245781
191000 -1.21844 0.105721
191100 -1.64473 1.91917
191200 -1.45035 -0.826459
191300 -1.38121 -0.289683
191400 -0.644173 1.37879
191500 -0.139313 -0.296619
191600 0.549771 0.885734
191700 -0.0318734 -0.078121
191800 -0.162413 0.877989
191900 0.311376 -0.656615
192000 0.530195 0.965285
192100 0.852134 1.22505
192200 0.624449 -0.17944
192300 -0.178192 -0.451441
192400 -0.544257 -0.264327
192500 -0.354682 1.01964
192600 -1.49253 -0.0536513
192700 1.32713 1.34462
192800 -0.473842 2.31536
192900 -1.92688 -0.229676
193000 0.482262 0.478085
193100 -0.383853 -0.7538
193200 -2.21544 1.33121
193300 1.21025 0.654492
193400 0.830951 0.38717
193500 -1.18224 0.067377
193600 0.629674 -0.249392
193700 -0.316228 -2.17554
193800 -0.331464 -0.794294
193900 0.500849 0.147959
194000 -1.32511 1.02781
194100 0.923942 0.651838
194200 -1.12265 1.14282
194300 -1.29464 -0.122368
194400 -0.847453 0.309985
194500 0.0944147 -0.195679
194600 -1.00055 2.1127
194700 -0.934382 -0.0827524
194800 -1.06721 0.301745
194900 -0.656604 0.290815
195000 0.19924 -0.666006
195100 1.17535 -0.3915
195200 -0.274295 -0.532116
195300 1.43233 0.513987
195400 -0.0939439 0.485742
195500 -0.0611761 1.36697
195600 0.287134 0.026864
195700 -0.641076 0.360671
195800 -1.75071 1.20559
195900 1.00704 -0.166246
196000 -0.519744 0.254859
196100 -1.656 0.14146
196200 -0.0819624 1.14231
196300 -0.352738 1.42546
196400 -1.12061 0.534154
196500 1.08023 0.06803
196600 0.337475 0.186067
196700 0.736252 0.00900366
196800 0.290716 -0.17007
196900 -0.793672 -1.37258
197000 -0.688379 0.352391
197100 -1.28879 -0.775742
197200 -1.05343 0.443875
197300 0.219479 0.141668
197400 0.159283 1.06145
197500 0.1735 -0.647229
197600 -1.27538 1.91063
197700 0.393435 0.445919
197800 -1.70766 0.234004
197900 -0.786166 1.77652
198000 -1.37817 -0.0029168
198100 0.948838 -1.23666
198200 -0.110563 -0.729065
198300 -0.533596 0.0895538
198400 1.086 -1.43969
198500 0.249969 1.2749
198600 -0.269192 1.99833
198700 -0.402695 0.44476
198800 -0.146294 1.25078
198900 -0.904682 0.105618
199000 0.315518 -2.20318
199100 -0.52865 0.0283233
199200 -1.16066 1.17682
199300 0.44135 2.12204
199400 -0.977216 1.22979
199500 0.0811649 1.4659
199600 0.715399 -0.409703
199700 -0.169241 -1.33744
199800 0.661016 0.0570586
199900 1.35505 -1.36555
200000 -0.626494 1.32485
200100 -0.240208 0.851389
200200 -0.852707 0.466972
200300 -2.89165 -0.744527
200400 0.25978 0.540685
200500 -0.536652 1.03591
200600 0.617237 -0.854332
200700 0.37575 0.317347
200800 -1.53211 0.863197
200900 -0.319604 -0.641844
201000 -2.3788 0.860925
201100 -0.435419 -0.341429
201200 1.2602 0.697807
201300 1.6623 -0.5436
201400 0.290911 -0.191893
201500 -0.759578 -0.626449
201600 -1.48753 0.0686949
201700 -1.19174 1.36565
201800 -0.655537 1.02604
201900 0.739503 1.52739
202000 0.346437 -0.399505
202100 -0.381496 -1.00726
202200 -1.01986 0.189277
202300 0.210836 1.07327
202400 0.578253 1.24543
202500 1.01925 2.93803
202600 1.00796 0.225562
202700 -0.285215 -1.95621
202800 -1.56252 -0.713167
202900 -1.34158 -0.763093
203000 0.997489 0.0713781
203100 0.116047 1.50492
203200 -0.55246 0.78445
203300 -1.32257 1.29958
203400 -0.49403 0.562123
203500 -1.45414 -0.351381
203600 -0.247221 -0.283489
203700 1.1779 0.701504
203800 -0.546135 -1.10654
203900 -2.17331 0.666879
204000 -1.32631 -0.722921
204100 -0.917765 -1.11271
204200 0.967055 -0.129249
204300 0.534487 1.32932
204400 0.867277 0.813339
204500 -0.307045 -0.0921959
204600 0.237789 0.344383
204700 -1.2723 0.475957
204800 -0.48803 0.334851
204900 -0.615333 1.43925
205000 -1.96174 0.0399794
205100 -0.273492 0.0212447
205200 0.76476 0.643522
205300 0.142741 0.70207
205400 0.793461 0.59288
205500 0.951659 1.10419
205600 0.527772 0.559322
205700 -0.457588 0.0963801
205800 -0.958696 -0.10589
205900 -0.0261406 -0.268639
206000 0.902239 -0.0473493
206100 -0.696132 -0.976231
206200 -1.54145 -0.384736
206300 -0.531555 1.79573
206400 -0.947648 1.06341
206500 1.16191 1.24614
206600 -0.54471 0.699594
206700 -1.23071 0.614456
206800 -1.32799 -2.97735
206900 0.433421 -0.296603
207000 -0.689638 0.64972
207100 0.338189 0.165147
207200 -1.52781 -0.429821
207300 -0.460025 -0.44216
207400 1.01796 -0.0700031
207500 -0.366252 0.324187
207600 0.105721 1.36593
207700 0.192864 0.877853
207800 0.651842 1.10552
207900 -1.71889 -1.40208
208000 -1.35155 0.21415
208100 -0.609492 1.33128
208200 -0.0776928 1.72201
208300 0.588393 0.0513791
208400 0.0905929 0.710997
208500 0.759248 0.88464
208600 0.246166 -0.294158
208700 0.389626 -0.22159
208800 0.570225 1.68624
208900 -0.653579 0.209922
209000 -0.249744 -1.32495
209100 -0.925065 -0.61837
209200 -1.04146 1.01884
209300 0.796887 0.313469
209400 -1.08544 0.351465
209500 0.283872 0.47598
209600 -1.53825 1.2671
209700 -1.20216 0.183606
209800 -1.67353 -0.85266
209900 0.352593 0.910134
210000 0.756648 -0.44913
210100 1.08712 -0.863559
210200 -1.0967 -1.37207
210300 -2.30726 0.660993
210400 -0.383897 0.227542
210500 0.422418 0.163298
210600 0.184008 -0.142367
210700 0.0890901 0.238549
210800 -1.16909 -0.445873
210900 0.193615 0.912291
211000 -0.580542 1.41352
211100 0.21981 -0.16088
211200 0.987092 1.0869
211300 -0.519711 1.65824
211400 -0.0693133 0.298439
211500 -0.202569 -0.177708
211600 -0.397 0.140992
211700 0.86794 0.453117
211800 0.886392 0.60237
211900 -1.31594 1.52562
212000 0.0408135 -0.194584
212100 1.41571 -0.19247
212200 -0.461954 0.215889
212300 -0.734861 0.273985
212400 -0.0766977 -0.71154
212500 -1.58819 1.4972
212600 0.661813 -0.441717
212700 -0.179877 -0.545586
212800 -1.60306 0.636986
212900 -1.96219 -0.154935
213000 0.423328 -0.553991
213100 -0.564204 1.21915
213200 -0.368133 -1.82829
213300 0.391764 -0.613821
213400 -0.762628 0.0613065
213500 -1.87242 1.28238
213600 0.250571 -0.161732
213700 -0.246033 0.0943006
213800 -0.474812 1.28993
213900 1.35924 -0.372875
214000 0.222067 -0.834504
214100 0.13727 1.24271
214200 -1.04446 0.707871
214300 -0.962874 1.3879
214400 -1.02975 0.352368
214500 -0.346699 -0.30964
214600 2.7656 2.00723
214700 0.753768 -0.968878
214800 -0.37622 -0.173736
214900 1.39235 0.106234
215000 -2.03802 2.02848
215100 -1.86506 0.858229
215200 0.972015 0.748504
215300 -0.841562 -0.562582
215400 0.142554 -1.27207
215500 0.251831 -0.452502
215600 -0.375466 1.22215
215700 -1.39198 0.576116
215800 -0.402398 -1.04658
215900 0.285279 1.09825
216000 -0.41257 -0.453892
216100 0.340054 1.51299
216200 0.174123 0.705443
216300 -0.111388 -0.0956908
216400 0.532483 -1.73476
216500 -2.37099 1.77412
216600 -0.629964 -0.990269
216700 -1.98033 0.313723
216800 -1.80858 0.0173344
216900 -3.16695 0.0886478
217000 -1.55278 -1.13945
217100 -0.42074 -1.07225
217200 -0.508415 -2.43218
217300 -0.903062 -3.05166
217400 1.07699 -0.477761
217500 1.91623 2.2878
217600 2.04603 2.36694
217700 2.81061 3.54735
217800 7.25973 4.80338
217900 6.73486 7.20254
218000 3.7233 6.25332
218100 -0.516685 3.02437
218200 -4.0939 1.07927
218300 -6.00736 -2.13414
218400 -4.14587 -6.95036
218500 -1.91376 -6.81295
218600 -0.33475 -3.73412
218700 -1.76964 -1.08702
218800 0.345901 -2.33978
218900 1.41109 -2.9554
219000 2.07909 -2.2821
219100 2.69889 2.74254
219200 1.38819 4.01815
219300 0.895506 2.21602
219400 -0.10602 3.37
219500 0.0640402 0.790688
219600 -0.76946 -0.130293
219700 -2.47088 -0.689307
219800 -2.64729 -3.10017
219900 -1.24563 -1.00065
220000 0.538779 -0.901769
220100 2.12935 0.156708
220200 1.93176 0.405973
220300 4.5904 1.41178
220400 -0.020767 0.288096
220500 2.02534 -1.02209
220600 0.0572746 0.19331
220700 0.0517623 0.283867
220800 -1.34075 0.631888
220900 -1.82218 1.21614
221000 -1.90224 1.95926
221100 -0.27781 0.565555
221200 0.290332 -0.703862
221300 2.57653 -1.66984
221400 2.08923 -2.27518
221500 2.39123 -0.392712
221600 2.24455 -0.291283
221700 -0.422172 -0.303271
221800 -0.858936 0.727223
221900 -2.09251 -1.04777
222000 -2.57384 -0.418518
222100 -1.78544 0.697787
222200 -1.72933 0.41632
222300 -2.32404 0.381571
222400 0.21287 2.10115
222500 1.67114 0.193775
222600 3.06108 -2.19048
222700 2.94204 -2.15967
222800 2.18017 -1.89388
222900 0.602285 -0.853314
223000 -2.33512 1.53186
223100 -3.77534 1.6737
223200 -3.33492 -1.94867
223300 -2.7959 -0.240262
223400 -0.154356 -0.234743
223500 1.20279 -1.2749
223600 0.199526 -0.0248463
223700 3.24024 0.214538
223800 3.79152 1.28951
223900 3.23488 1.77784
224000 2.55296 3.38591
224100 0.407085 0.218116
224200 -1.42499 -0.525702
224300 -1.8253 -2.01781
224400 -4.55069 -2.32679
224500 -2.78111 -0.97596
224600 0.668671 -0.764427
224700 2.19056 0.316762
224800 1.80912 -0.557182
224900 2.66483 0.336196
225000 3.59339 -0.668183
225100 1.69135 -0.740671
225200 -0.0138855 1.41744
225300 -2.11979 -0.534155
225400 -1.93661 1.07986
225500 -1.66571 1.69902
225600 -3.27321 0.913906
225700 -0.979572 -0.750869
225800 1.76677 -0.501904
225900 1.60203 -0.175643
226000 0.387142 -1.15502
226100 2.10188 -0.209251
226200 1.91338 -0.657676
226300 1.73488 -1.52303
226400 -0.710947 -0.876638
226500 -2.46782 0.179381
226600 -4.42669 1.60817
226700 -1.5339 -0.483417
226800 -0.476977 -0.0789594
226900 0.709334 -0.763934
227000 1.46254 0.0559351
227100 1.08175 -2.16353
227200 0.421674 -0.140658
227300 1.45271 -0.272626
227400 2.25084 -0.65215
227500 0.53907 1.02018
227600 0.474171 0.150627
227700 -1.23893 -0.446308
227800 -2.4439 -0.300704
227900 -1.93874 0.308222
228000 -0.352404 -1.03489
228100 1.04691 -0.989409
228200 0.24346 0.417433
228300 2.00976 0.569159
228400 2.33591 2.01122
228500 0.746113 0.874251
228600 0.1969 -0.480909
228700 1.21183 -0.322551
228800 0.1021 -1.08142
228900 -0.810267 1.02231
229000 0.228759 1.56933
229100 -1.1305 0.737572
229200 -0.578763 0.82322
229300 1.65516 0.703303
229400 -0.77555 -0.507114
229500 0.853307 -0.800633
229600 2.27624 0.760687
229700 1.92079 0.235054
229800 -0.878833 -0.465529
229900 -0.925088 0.875671
230000 -1.60773 -1.40364
230100 -0.740822 -0.549135
230200 1.15822 -0.0183689
230300 -0.654973 -0.0657665
230400 -1.17878 -0.980201
230500 -0.488456 0.0405964
230600 0.254559 -1.32073
230700 1.84465 -1.3952
230800 1.70755 -1.62215
230900 1.34732 -1.95203
231000 -1.16854 -0.427029
231100 -1.49465 1.21183
231200 -2.08432 2.05929
231300 -0.38941 0.782239
231400 -0.856561 -0.911892
231500 0.0655597 -1.56247
231600 -0.758676 -2.20428
231700 0.38531 -2.90061
231800 0.582068 -1.30432
231900 1.24042 -1.2307
232000 1.49889 0.756368
232100 1.38239 2.20572
232200 -0.0547507 2.70475
232300 -2.10121 -0.229179
232400 -0.760782 0.62145
232500 -0.910321 0.890638
232600 -0.563773 -0.521748
232700 -0.0970975 0.70713
232800 2.11765 0.562611
232900 1.65144 -0.00741014
233000 1.83827 -1.80384
233100 1.54329 0.667231
233200 0.486976 -0.11085
233300 -0.0374937 -0.0482154
233400 -0.781965 0.276134
233500 -1.93199 2.06156
233600 0.932976 2.24607
233700 -0.363592 2.40928
233800 1.07926 -0.672037
233900 0.127805 -1.08535
234000 1.80203 -1.29379
234100 2.39865 -3.16904
234200 0.0578223 -1.50105
234300 0.501119 -1.63524
234400 -0.56553 0.721902
234500 -2.40748 0.25923
234600 -1.00208 1.03063
234700 0.243716 0.91636
234800 -0.441787 1.36647
234900 -1.34876 -0.0966789
235000 -0.326196 -1.24892
235100 0.526771 -2.12059
235200 1.44634 -1.01644
235300 2.13689 0.322646
235400 0.294881 -2.4527
235500 -2.06992 -0.807241
235600 -0.515506 -0.750308
235700 -1.07746 -0.445297
235800 -0.97022 -0.188333
235900 -0.738474 -0.8911
236000 -0.204341 0.900482
236100 -1.00464 0.373861
236200 -0.650282 1.00765
236300 1.67771 -0.303213
236400 1.43253 1.24452
236500 1.55113 -0.319462
236600 -0.673119 -1.18378
236700 1.59611 0.169351
236800 0.520696 1.34357
236900 -0.371179 1.35146
237000 0.3921 -0.107993
237100 0.137247 -0.785775
237200 -0.691504 0.927214
237300 -0.00926462 0.489665
237400 1.23618 -1.1164
237500 1.21601 0.480467
237600 0.740715 0.308834
237700 1.34591 0.60724
237800 0.581845 -1.3915
237900 1.13416 1.91673
238000 1.37025 -0.60739
238100 -0.921526 1.24307
238200 -0.370153 -0.418493
238300 -0.231561 0.29475
238400 -0.681995 -0.729971
238500 -0.16211 0.270481
238600 -0.842639 -0.211163
238700 -0.288256 -1.01914
238800 -0.211143 -1.79798
238900 -0.423168 -2.07275
239000 1.46809 -1.91281
239100 1.93244 0.890527
239200 -1.06487 1.33733
239300 -0.839377 0.295454
239400 -0.65623 -0.0313663
239500 -0.895081 0.44857
239600 -0.481043 -1.23393
239700 -1.20341 -0.778944
239800 -1.21984 -1.83036
239900 0.562159 -1.16964
240000 -0.649632 -0.337352
240100 1.39125 -0.600421
240200 1.47851 -0.188487
240300 1.0243 -0.10672
240400 -0.00101863 0.365784
240500 0.708398 0.886682
240600 -1.30468 -0.169162
240700 -1.16552 1.08322
240800 0.673977 2.45659
240900 0.242405 1.64366
241000 0.57197 -1.04048
241100 -0.462374 -0.824713
241200 1.28122 0.0636105
241300 0.566505 -2.02033
241400 2.08488 -0.352591
241500 0.538836 -0.563923
241600 -0.461083 -0.473323
241700 1.22254 1.15963
241800 -0.0706983 0.356357
241900 0.35283 1.42467
242000 0.565813 -0.100833
242100 0.129105 1.93802
242200 0.108128 -0.319463
242300 0.15397 -0.8205
242400 -0.291739 -0.78863
242500 -0.722934 -1.59291
242600 1.48477 -0.467158
242700 -0.21214 1.17025
242800 0.496097 -0.98298
242900 0.0759618 -1.39628
243000 -0.730215 0.462304
243100 0.0159064 -0.263056
243200 0.179244 1.23596
243300 0.153299 1.59015
243400 0.400868 -0.830029
243500 -2.82089 -0.260312
243600 -1.22283 -0.0786508
243700 0.497418 -1.31393
243800 1.23106 -0.35539
243900 0.68404 0.541861
244000 -0.134459 -0.522282
244100 1.2742 0.269213
244200 0.491449 -0.860296
244300 -1.46801 -1.57241
244400 0.230408 -2.40884
244500 0.948356 -1.02856
244600 -1.40961 0.261929
244700 -1.99714 -0.693947
244800 -0.853929 0.279469
244900 0.478547 -0.742809
245000 2.29097 0.534581
245100 1.04581 0.44497
245200 1.73354 -1.52832
245300 1.77989 -0.432367
245400 -0.42686 0.417884
245500 -0.309246 1.89371
245600 -0.825684 -0.0894293
245700 -0.551355 0.179337
245800 -0.105184 -0.132109
245900 -0.491028 -0.435218
246000 -0.623769 0.725407
246100 1.03941 1.46553
246200 1.42511 0.326216
246300 1.84947 1.22548
246400 0.762073 0.146012
246500 0.90823 0.357997
246600 -0.375184 1.29587
246700 -0.280057 -0.901081
246800 -1.03255 -0.516292
246900 -0.151609 -0.111414
247000 -0.536049 0.433825
247100 -0.561016 -0.155705
247200 1.29355 -0.143878
247300 2.15436 -0.247227
247400 0.195073 -0.98789
247500 -0.777652 -0.642741
247600 0.487387 -0.302424
247700 0.994953 -1.45327
247800 0.416366 -0.864974
247900 -0.00808034 -0.0147998
248000 -0.667613 -0.998389
248100 -1.08672 -1.78739
248200 -1.21811 -1.00355
248300 0.061051 0.183267
248400 0.84927 0.310659
248500 1.46994 -0.253103
248600 -0.90702 -1.3441
248700 -0.406503 -1.07518
248800 -0.317045 0.998104
248900 -0.0132837 -0.636905
249000 -0.0155103 1.82669
249100 0.667969 -1.01145
249200 -1.43181 -0.414286
249300 0.0736631 0.416349
249400 -1.11881 1.08563
249500 -0.00113431 -0.454662
249600 1.78745 -0.220638
249700 -0.126396 -0.194992
249800 -0.303431 -1.37257
249900 0.701315 0.722075
250000 0.497504 0.546385
250100 1.58246 0.560818
250200 -0.25983 0.23507
250300 -0.724364 0.482256
250400 1.30198 -1.09037
250500 0.386969 -2.25607
250600 -0.302799 0.481213
250700 0.786958 1.18361
250800 1.13008 1.45666
250900 1.04005 -0.373061
251000 -0.897995 0.357679
251100 1.31229 -0.11272
251200 0.114646 -0.634229
251300 2.18349 0.197424
251400 0.207677 1.43118
251500 -0.446934 0.567912
251600 -0.724141 1.02847
251700 1.12422 -0.890198
251800 -1.41188 -1.77709
251900 -0.00330671 -1.0754
252000 0.38424 -0.343327
252100 -0.303889 -1.35251
252200 -0.250286 0.41422
252300 1.0976 1.37008
252400 0.0908192 -0.216377
252500 0.306701 0.204456
252600 -0.0618714 0.468064
252700 -2.08533 -1.32907
252800 -1.01828 -0.626699
252900 0.449671 -1.02124
253000 -1.15811 -1.04019
253100 -0.56775 -1.78304
253200 1.00444 -2.42005
253300 0.00174839 -1.17799
253400 -0.314785 0.658872
253500 -0.492985 0.530165
253600 0.869018 0.42678
253700 0.439549 0.599677
253800 0.656854 -1.25014
253900 -0.975955 1.07887
254000 -0.690313 -0.922498
254100 1.20698 -0.0952896
254200 0.428826 -0.28172
254300 1.11528 0.19194
254400 0.358343 0.647867
254500 1.29619 0.501203
254600 0.926162 0.830188
254700 -0.588429 -0.781775
254800 -1.43617 0.0442122
254900 1.6167 0.984311
255000 0.806162 1.47856
255100 0.451445 0.655974
255200 1.67771 0.330164
255300 1.89869 1.13818
255400 -0.296028 -1.36285
255500 -0.672375 -1.45676
255600 0.397212 -0.599638
255700 0.192709 0.235285
255800 -1.02965 -0.1367
255900 -0.794941 0.485593
256000 -1.56585 -0.440392
256100 1.08203 0.249869
256200 0.885844 -1.49743
256300 0.92177 1.145
256400 1.33425 -0.429783
256500 -0.986207 -0.841888
256600 0.027143 0.309214
256700 0.113091 -0.176422
256800 0.860774 -0.538172
256900 -1.92041 -1.1613
257000 -1.99003 -0.203044
257100 -1.2481 -0.484781
257200 -1.72816 -0.37462
257300 1.67571 -0.728915
257400 2.04205 0.454552
257500 0.943994 0.259233
257600 2.15987 -0.643214
257700 1.27237 0.798446
257800 1.34633 0.473549
257900 -0.679375 1.05687
258000 -0.355336 -0.89888
258100 0.0899287 -0.0142145
258200 -1.02623 0.575982
258300 -0.366103 -0.849917
258400 -0.955911 -2.52618
258500 1.12094 -0.797695
258600 2.28441 -0.765043
258700 1.04584 -0.368172
258800 -0.636455 0.204837
258900 1.48993 0.955567
259000 1.51835 0.705441
259100 -0.746761 0.762792
259200 -0.739554 0.26661
259300 -2.50879 -0.385812
259400 -1.93805 -0.334049
259500 0.232679 -0.713953
259600 -0.988217 -1.67694
259700 1.54351 -0.728353
259800 2.9242 0.27835
259900 -0.118275 -1.82275
260000 -0.818976 -1.66476
260100 -0.0789652 0.131209
260200 1.38091 1.79861
260300 0.213966 -0.780822
260400 -1.61834 0.536957
260500 -0.664892 0.145303
260600 -0.43935 -0.695319
260700 -1.43741 -0.187433
260800 0.722795 -0.285313
260900 1.65911 -1.24294
261000 2.01929 -0.78014
261100 0.979973 -0.389734
261200 1.19734 -0.26105
261300 0.785316 -0.0671367
261400 -0.0215399 1.18535
261500 0.442467 -0.62042
261600 -0.189957 0.157232
261700 -0.149523 -0.494922
261800 -1.2203 0.913345
261900 0.250504 0.0603359
262000 -0.056501 -0.231274
262100 1.88594 -0.00912298
262200 0.762904 0.260972
262300 2.47905 -0.661313
262400 0.0182164 -0.373271
262500 0.108977 0.550918
262600 0.722756 2.23334
262700 0.801492 -0.892241
262800 -2.40356 -1.51987
262900 -1.573 -0.86907
263000 -0.348108 -0.92084
263100 0.56107 0.232418
263200 -0.411253 -0.755682
263300 0.881103 -0.648097
263400 1.57877 -0.125475
263500 1.37436 0.777573
263600 0.427846 -0.933269
263700 0.492545 0.956496
263800 -1.06812 0.662708
263900 -0.393793 -0.483398
264000 -1.25358 -2.0427
264100 -0.332615 -0.424658
264200 -1.13643 -0.682019
264300 -0.196237 -0.517354
264400 1.03904 0.00697281
264500 0.846832 -0.54374
264600 0.92946 -0.241285
264700 2.13675 -1.51288
264800 -0.376152 -0.479083
264900 -0.175718 -0.574207
265000 -0.245687 0.366711
265100 0.343361 -0.281034
265200 -0.417485 0.105199
265300 -1.31515 -0.578729
265400 -0.026639 0.460858
265500 1.47389 0.401307
265600 1.04809 0.128398
265700 0.357601 0.00753767
265800 1.12014 0.806659
265900 -0.165046 1.02491
266000 -0.263481 -0.719637
266100 0.956006 0.161671
266200 -1.12593 -0.241097
266300 1.07081 0.410851
266400 0.380576 0.0342449
266500 0.229688 -0.649528
266600 0.798584 -1.03282
266700 -0.0703723 -1.3633
266800 0.716188 -0.0786093
266900 2.06145 0.761396
267000 -0.727569 0.450069
267100 -0.00184637 -0.375791
267200 0.653267 -0.508016
267300 -0.547149 -0.765195
267400 0.329966 1.26532
267500 0.674057 -0.197269
267600 1.12335 -0.552044
267700 -0.482078 -0.702454
267800 0.00149036 -0.936984
267900 0.740353 -0.885108
268000 -0.33852 -1.3549
268100 -0.1317 -0.038305
268200 -0.307107 1.15247
268300 -0.677715 -0.668548
268400 -0.20015 -0.188313
268500 0.366395 -0.641198
268600 -0.427363 -0.790515
268700 -0.642212 -0.601045
268800 0.992224 -0.367827
268900 -0.143096 -0.389595
269000 -1.00273 -0.130395
269100 0.188291 0.260209
269200 0.660107 0.38417
269300 -0.567549 -0.176527
269400 0.35184 -0.391735
269500 -0.315312 -0.479675
269600 1.64188 -2.02184
269700 -0.911947 -0.0720021
269800 0.660644 1.44214
269900 0.423228 0.752514
270000 2.18579 -1.79071
270100 1.28317 0.119002
270200 -0.247431 -0.185229
270300 0.184764 0.784355
270400 -0.181833 -0.889957
270500 0.367519 -0.0969533
270600 2.12097 1.42601
270700 1.25079 0.893838
270800 0.41665 -0.0255801
270900 1.26054 -0.222931
271000 -0.843982 -0.168408
271100 0.0348018 -2.14085
271200 1.05933 -1.81337
271300 0.439827 -0.0346703
271400 -0.828836 0.717068
271500 0.593587 -0.900765
271600 0.449993 0.693551
271700 -0.272222 1.15898
271800 -0.469029 0.794847
271900 -0.620442 0.364459
272000 0.0831318 -1.93213
272100 1.18759 -1.07004
272200 0.679481 1.69875
272300 -0.18721 -0.311969
272400 -1.92338 -0.265842
272500 -0.806842 -0.668896
272600 -1.28899 -1.01903
272700 0.0441873 -1.9457
272800 1.45676 -1.11794
272900 0.330776 -0.876475
273000 1.81306 0.533875
273100 -1.52803 -0.467905
273200 -1.2307 -1.18682
273300 0.407189 -0.312716
273400 1.8108 -0.619494
273500 0.335366 -0.32148
273600 1.09221 -0.274498
273700 -1.31449 0.745418
273800 -0.466122 -0.7433
273900 0.948347 -1.61981
274000 1.43058 0.998894
274100 0.683113 0.739019
274200 0.886798 -0.90901
274300 -0.143387 -0.82455
274400 1.18601 1.14819
274500 0.667742 0.788625
274600 0.146626 -0.0745196
274700 1.5567 -0.360572
274800 -0.739172 -0.337562
274900 -0.531632 -0.968872
275000 -0.366996 0.501844
275100 0.132839 -0.0445253
275200 1.07145 1.09346
275300 0.819331 0.105654
275400 0.416788 -0.22695
275500 0.155045 0.0471465
275600 0.337026 1.36221
275700 -0.922541 1.32809
275800 0.4082 -0.099217
275900 0.388609 -0.974773
276000 0.290698 0.748058
276100 -0.778342 -0.591047
276200 0.153237 -1.4114
276300 1.32992 -1.46267
276400 0.311601 -0.351202
276500 -0.33914 0.240735
276600 0.331208 -0.817256
276700 0.433364 -1.50852
276800 1.26778 -2.01588
276900 -0.228299 -0.146914
277000 1.16341 -0.39264
277100 -1.02878 0.371535
277200 -0.278103 0.0051304
277300 -0.784662 0.582384
277400 0.661388 -1.59368
277500 0.813297 -2.45326
277600 0.914265 -1.83051
277700 -1.93857 0.328579
277800 0.6525 -0.775567
277900 1.40061 -0.40181
278000 -0.229231 0.979416
278100 -0.626447 0.428777
278200 -0.0171807 -0.858262
278300 0.118289 -0.128332
278400 0.613019 0.641256
278500 -0.966916 -0.33525
278600 -0.995549 2.26959
278700 0.493905 0.986008
278800 0.644458 -0.97092
278900 1.08308 0.143529
279000 0.658047 -1.93769
279100 0.504599 -0.0918797
279200 0.764861 0.909092
279300 0.155696 -0.403774
279400 0.0859735 0.0562464
279500 0.648102 0.7243
279600 -0.0154328 -0.455568
279700 0.616523 1.2638
279800 -0.149721 0.391654
279900 0.830136 -0.990667
280000 -0.166148 -0.663354
280100 1.40042 -0.740156
280200 2.77863 0.150403
280300 2.0993 0.0693866
280400 0.754125 -0.0987652
280500 -0.863565 -0.285388
280600 -0.531602 0.620927
280700 -0.0824831 -2.08054
280800 -0.284779 -1.39605
280900 -1.79283 -0.0819861
281000 -0.143776 -0.201854
281100 0.300793 -1.78142
281200 0.461269 0.0449739
281300 2.02133 -0.278206
281400 1.76239 -0.489667
281500 -0.499026 -1.04222
281600 -0.463246 0.41112
281700 -1.51403 0.217997
281800 -1.74989 -0.775857
281900 -1.0968 0.438224
282000 -0.328628 -0.920411
282100 -1.27211 -0.834985
282200 -0.481212 -0.0702922
282300 0.283951 -0.48569
282400 1.0962 -0.938996
282500 2.47775 0.469463
282600 0.773776 -0.719097
282700 -0.159294 0.468765
282800 -0.703195 0.130905
282900 0.219369 1.02015
283000 0.690697 0.271814
283100 -0.533071 0.201967
283200 0.495078 -0.980234
283300 0.225304 -1.79898
283400 1.58734 -0.111424
283500 2.00097 -0.445628
283600 1.41601 -1.65037
283700 2.09213 -0.300887
283800 2.02138 2.26606
283900 -1.78562 -0.010859
284000 -0.584198 -0.0850739
284100 1.1275 -0.568576
284200 0.284343 0.695332
284300 0.248794 -0.196457
284400 0.307311 0.223257
284500 0.933726 1.33127
284600 -0.155275 0.217859
284700 0.0562769 -1.1712
284800 1.24186 -0.1508
284900 0.334043 0.40453
285000 -0.946995 -1.02861
