# Time-averaged data for fix ave_time_1
# TimeStep v_strain
6000 0.0464145
7000 0.138324
8000 0.230234
9000 0.322144
10000 0.414054
11000 0.505964
12000 0.597874
13000 0.689784
14000 0.781694
15000 0.873604
16000 0.965514
17000 1.05742
18000 1.14933
19000 1.24124
20000 1.33315
21000 1.42506
22000 1.51697
23000 1.60888
24000 1.70079
25000 1.7927
26000 1.88461
27000 1.97652
28000 2.06843
29000 2.16034
30000 2.25225
31000 2.34416
32000 2.43607
33000 2.52798
34000 2.61989
35000 2.7118
36000 2.80371
37000 2.89562
38000 2.98753
39000 3.07944
40000 3.17135
41000 3.26326
42000 3.35517
43000 3.44708
44000 3.53899
45000 3.6309
46000 3.72281
47000 3.81472
48000 3.90663
49000 3.99854
50000 4.09045
51000 4.18236
52000 4.27427
53000 4.36618
54000 4.45809
55000 4.55
56000 4.64191
57000 4.73382
58000 4.82573
59000 4.91764
60000 5.00955
61000 5.10146
62000 5.19337
63000 5.28528
64000 5.37719
65000 5.4691
66000 5.56101
67000 5.65292
68000 5.74483
69000 5.83674
70000 5.92865
71000 6.02056
72000 6.11247
73000 6.20438
74000 6.29629
75000 6.3882
76000 6.48011
77000 6.57202
78000 6.66393
79000 6.75584
80000 6.84775
81000 6.93966
82000 7.03157
83000 7.12348
84000 7.21539
85000 7.3073
86000 7.39921
87000 7.49112
88000 7.58303
89000 7.67494
90000 7.76685
91000 7.85876
92000 7.95067
93000 8.04258
94000 8.13449
95000 8.2264
96000 8.31831
97000 8.41022
98000 8.50213
99000 8.59404
100000 8.68595
101000 8.77786
102000 8.86977
103000 8.96168
104000 9.05359
105000 9.1455
106000 9.23741
107000 9.32932
108000 9.42123
109000 9.51314
110000 9.60505
111000 9.69696
112000 9.78887
113000 9.88078
114000 9.97269
115000 10.0646
116000 10.1565
117000 10.2484
118000 10.3403
119000 10.4322
120000 10.5241
121000 10.6161
122000 10.708
123000 10.7999
124000 10.8918
125000 10.9837
126000 11.0756
127000 11.1675
128000 11.2594
129000 11.3513
130000 11.4432
131000 11.5352
132000 11.6271
133000 11.719
134000 11.8109
135000 11.9028
136000 11.9947
137000 12.0866
138000 12.1785
139000 12.2704
140000 12.3623
141000 12.4543
142000 12.5462
143000 12.6381
144000 12.73
145000 12.8219
146000 12.9138
147000 13.0057
148000 13.0976
149000 13.1895
150000 13.2814
151000 13.3734
152000 13.4653
153000 13.5572
154000 13.6491
155000 13.741
156000 13.8329
157000 13.9248
158000 14.0167
159000 14.1086
160000 14.2005
161000 14.2925
162000 14.3844
163000 14.4763
164000 14.5682
165000 14.6601
166000 14.752
167000 14.8439
168000 14.9358
169000 15.0277
170000 15.1196
171000 15.2116
172000 15.3035
173000 15.3954
174000 15.4873
175000 15.5792
176000 15.6711
177000 15.763
178000 15.8549
179000 15.9468
180000 16.0387
181000 16.1307
182000 16.2226
183000 16.3145
184000 16.4064
185000 16.4983
186000 16.5902
187000 16.6821
188000 16.774
189000 16.8659
190000 16.9578
191000 17.0498
192000 17.1417
193000 17.2336
194000 17.3255
195000 17.4174
196000 17.5093
197000 17.6012
198000 17.6931
199000 17.785
200000 17.8769
201000 17.9689
202000 18.0608
203000 18.1527
204000 18.2446
205000 18.3365
206000 18.4284
207000 18.5203
208000 18.6122
209000 18.7041
210000 18.796
211000 18.888
212000 18.9799
213000 19.0718
214000 19.1637
215000 19.2556
216000 19.3475
217000 19.4394
218000 19.5313
219000 19.6232
220000 19.7151
221000 19.8071
222000 19.899
223000 19.9909
224000 20.0828
225000 20.1747
226000 20.2666
227000 20.3585
228000 20.4504
229000 20.5423
230000 20.6342
231000 20.7262
232000 20.8181
233000 20.91
234000 21.0019
235000 21.0938
236000 21.1857
237000 21.2776
238000 21.3695
239000 21.4614
240000 21.5533
241000 21.6453
242000 21.7372
243000 21.8291
244000 21.921
245000 22.0129
246000 22.1048
247000 22.1967
248000 22.2886
249000 22.3805
250000 22.4724
251000 22.5644
252000 22.6563
253000 22.7482
254000 22.8401
255000 22.932
256000 23.0239
257000 23.1158
258000 23.2077
259000 23.2996
260000 23.3915
261000 23.4835
262000 23.5754
263000 23.6673
264000 23.7592
265000 23.8511
266000 23.943
267000 24.0349
268000 24.1268
269000 24.2187
270000 24.3106
271000 24.4026
272000 24.4945
273000 24.5864
274000 24.6783
275000 24.7702
276000 24.8621
277000 24.954
278000 25.0459
279000 25.1378
280000 25.2297
281000 25.3217
282000 25.4136
283000 25.5055
284000 25.5974
285000 25.6893
286000 25.7812
287000 25.8731
288000 25.965
289000 26.0569
290000 26.1488
291000 26.2408
292000 26.3327
293000 26.4246
294000 26.5165
295000 26.6084
296000 26.7003
297000 26.7922
298000 26.8841
299000 26.976
300000 27.0679
301000 27.1599
302000 27.2518
303000 27.3437
304000 27.4356
305000 27.5275
306000 27.6194
307000 27.7113
308000 27.8032
309000 27.8951
310000 27.987
311000 28.079
312000 28.1709
313000 28.2628
314000 28.3547
315000 28.4466
316000 28.5385
317000 28.6304
318000 28.7223
319000 28.8142
320000 28.9061
321000 28.9981
322000 29.09
323000 29.1819
324000 29.2738
325000 29.3657
326000 29.4576
327000 29.5495
328000 29.6414
329000 29.7333
330000 29.8252
331000 29.9172
332000 30.0091
333000 30.101
334000 30.1929
335000 30.2848
336000 30.3767
337000 30.4686
338000 30.5605
339000 30.6524
340000 30.7443
341000 30.8363
342000 30.9282
343000 31.0201
344000 31.112
345000 31.2039
346000 31.2958
347000 31.3877
348000 31.4796
349000 31.5715
350000 31.6634
351000 31.7554
352000 31.8473
353000 31.9392
354000 32.0311
355000 32.123
356000 32.2149
357000 32.3068
358000 32.3987
359000 32.4906
360000 32.5825
361000 32.6744
362000 32.7664
363000 32.8583
364000 32.9502
365000 33.0421
366000 33.134
367000 33.2259
368000 33.3178
369000 33.4097
370000 33.5016
371000 33.5935
372000 33.6855
