# Time-averaged data for fix ave_oxygen_6_7_distance
# TimeStep v_oxygen_6_7_distance
100 34.3411
200 34.5551
300 34.495
400 34.4552
500 34.1469
600 34.0891
700 34.1213
800 34.3728
900 34.2842
1000 34.0776
1100 33.1895
1200 32.389
1300 32.4087
1400 32.6596
1500 32.8942
1600 33.018
1700 33.0901
1800 32.5773
1900 32.6535
2000 32.4466
2100 32.3891
2200 32.0018
2300 31.547
2400 31.4663
2500 31.601
2600 31.5459
2700 31.6925
2800 31.8573
2900 31.9512
3000 32.0708
3100 31.991
3200 31.9277
3300 31.6413
3400 31.411
3500 31.3444
3600 31.1029
3700 30.8358
3800 31.0765
3900 31.6884
4000 32.2195
4100 32.3317
4200 32.4173
4300 32.35
4400 32.1566
4500 32.2992
4600 32.6256
4700 32.3656
4800 32.0738
4900 32.2248
5000 32.101
5100 31.9649
5200 32.0073
5300 31.9245
5400 31.4702
5500 31.1308
5600 31.3844
5700 31.8705
5800 32.2963
5900 32.6147
6000 32.6598
6100 32.7542
6200 32.6468
6300 32.2488
6400 31.689
6500 31.6466
6600 31.949
6700 31.921
6800 31.59
6900 31.4576
7000 31.3735
7100 31.185
7200 30.63
7300 29.8674
7400 29.2363
7500 29.0985
7600 29.3207
7700 29.4769
7800 29.3515
7900 29.4016
8000 29.4079
8100 29.0782
8200 29.1195
8300 28.9408
8400 28.9871
8500 28.8911
8600 28.2328
8700 27.8275
8800 28.2701
8900 28.6258
9000 28.8684
9100 28.6635
9200 28.325
9300 28.7199
9400 29.2682
9500 29.8609
9600 30.0305
9700 30.5884
9800 30.9708
9900 30.9115
10000 30.2983
10100 30.3402
10200 30.5354
10300 30.5886
10400 30.5243
10500 30.5396
10600 30.74
10700 30.765
10800 30.2724
10900 29.6829
11000 29.53
11100 29.1713
11200 28.9183
11300 28.9107
11400 28.5765
11500 28.3437
11600 29.1724
11700 29.5044
11800 29.7817
11900 30.0622
12000 30.2967
12100 30.365
12200 30.2081
12300 30.0249
12400 29.7941
12500 29.8499
12600 29.8822
12700 29.8243
12800 29.6091
12900 29.6274
13000 29.9166
13100 30.2062
13200 30.3904
13300 30.4215
13400 30.4999
13500 30.3923
13600 30.6173
13700 30.4152
13800 29.9466
13900 29.7732
14000 29.4044
14100 29.1381
14200 28.786
14300 28.5089
14400 28.5827
14500 27.8927
14600 27.055
14700 26.6569
14800 26.4705
14900 26.5057
15000 26.4904
15100 26.5401
15200 26.2537
15300 25.9636
15400 26.0235
15500 26.1154
15600 26.0028
15700 25.9653
15800 26.2087
15900 26.1193
16000 26.6263
16100 27.5816
16200 28.4384
16300 28.5652
16400 28.359
16500 27.9087
16600 26.9878
16700 26.2744
16800 26.3187
16900 26.8873
17000 27.2836
17100 27.1819
17200 27.3158
17300 27.7036
17400 27.2854
17500 27.148
17600 26.9799
17700 26.6299
17800 26.9031
17900 27.8085
18000 28.3775
18100 28.3583
18200 28.6117
18300 28.1648
18400 27.171
18500 27.0442
18600 26.9538
18700 26.2289
18800 25.9938
18900 26.3321
19000 26.9331
19100 27.431
19200 27.6409
19300 27.7903
19400 28.1245
19500 27.7997
19600 27.4076
19700 26.8421
19800 26.1586
19900 26.0902
20000 26.5871
20100 26.97
20200 27.24
20300 27.7191
20400 28.0355
20500 27.9232
20600 27.507
20700 26.9284
20800 26.0858
20900 25.714
21000 25.3375
21100 24.7881
21200 24.3709
21300 23.53
21400 23.2581
21500 23.5919
21600 24.1084
21700 24.2524
21800 23.9168
21900 23.5729
22000 23.0012
22100 22.6816
22200 22.8981
22300 23.3749
22400 23.5256
22500 23.4222
22600 23.7047
22700 23.6026
22800 23.442
22900 23.3494
23000 23.1878
23100 23.5049
23200 23.6062
23300 23.7097
23400 23.9311
23500 24.137
23600 24.6963
23700 25.2064
23800 25.7159
23900 26.2234
24000 26.293
24100 26.5912
24200 26.8629
24300 26.5164
24400 26.7135
24500 26.8221
24600 26.5524
24700 26.6507
24800 26.7023
24900 26.5972
25000 26.5618
25100 26.8153
25200 27.0734
25300 27.5524
25400 27.5257
25500 27.2652
25600 27.222
25700 27.2849
25800 27.2364
25900 26.9929
26000 26.6318
26100 26.5117
26200 26.4625
26300 26.5692
26400 26.7432
26500 26.9456
26600 26.9192
26700 27.0833
26800 27.1793
26900 27.0277
27000 26.8118
27100 26.8747
27200 27.1523
27300 27.4312
27400 27.781
27500 27.7607
27600 27.5218
27700 27.4574
27800 27.3078
27900 27.304
28000 27.2718
28100 27.2261
28200 26.8889
28300 26.4681
28400 26.4382
28500 26.329
28600 26.0371
28700 26.166
28800 26.2855
28900 26.6316
29000 26.6146
29100 27.1431
29200 27.6286
29300 27.9001
29400 28.1035
29500 27.8437
29600 27.2593
29700 27.1621
29800 26.6215
29900 26.5044
30000 26.4182
30100 26.1183
30200 25.9594
30300 26.1086
30400 26.0969
30500 26.3243
30600 26.0079
30700 25.7841
30800 25.6476
30900 25.211
31000 24.7854
31100 24.4726
31200 24.2071
31300 24.504
31400 24.7515
31500 24.9183
31600 24.7648
31700 24.5286
31800 24.9743
31900 24.9062
32000 25.4768
32100 26.075
32200 26.6543
32300 27.6026
32400 28.6381
32500 29.3644
32600 29.8478
32700 30.0206
32800 29.6335
32900 29.9449
33000 30.5493
33100 31.1027
33200 31.2215
33300 32.1353
33400 32.422
33500 32.6727
33600 33.1431
33700 33.6447
33800 33.8176
33900 33.525
34000 33.6149
34100 33.4478
34200 33.4579
34300 33.9808
34400 34.987
34500 35.4054
34600 36.1537
34700 36.2865
34800 36.3363
34900 36.5628
35000 36.6349
35100 36.5706
35200 36.5642
35300 36.5833
35400 36.0547
35500 36.376
35600 36.795
35700 36.6847
35800 36.8108
35900 37.3499
36000 37.4055
36100 37.9508
36200 38.6189
36300 38.6897
36400 39.0019
36500 39.1564
36600 38.8266
36700 39.1118
36800 39.3063
36900 39.277
37000 39.3598
37100 39.3056
37200 39.161
37300 38.6595
37400 38.6185
37500 39.0517
37600 39.4297
37700 39.9975
37800 40.5077
37900 40.6619
38000 41.2034
38100 41.2839
38200 41.8166
38300 41.9662
38400 42.1203
38500 42.268
38600 42.536
38700 43.1021
38800 43.405
38900 43.5617
39000 43.2869
39100 43.3516
39200 43.7702
39300 44.0998
39400 44.389
39500 44.6655
39600 44.4062
39700 44.6624
39800 44.8779
39900 44.7449
40000 44.3374
40100 44.428
40200 45.2206
40300 45.6856
40400 45.4878
40500 45.6373
40600 46.1508
40700 46.015
40800 45.7365
40900 45.9063
41000 45.9221
41100 45.8953
41200 46.3053
41300 46.5167
41400 46.5262
41500 46.3921
41600 46.3324
41700 46.5978
41800 46.4995
41900 46.8505
42000 46.9134
42100 46.787
42200 46.8448
42300 46.6263
42400 46.8142
42500 47.0137
42600 47.2998
42700 47.3432
42800 47.0409
42900 46.4107
43000 46.0061
43100 46.2297
43200 46.2987
43300 46.7076
43400 46.5351
43500 46.8653
43600 47.0025
43700 47.0931
43800 47.4438
43900 47.7311
44000 47.6631
44100 47.4939
44200 47.499
44300 47.3313
44400 47.5616
44500 47.1998
44600 47.0965
44700 47.1783
44800 47.4337
44900 47.4118
45000 47.6
45100 47.7734
45200 48.3106
45300 48.573
45400 48.465
45500 48.4308
45600 48.4945
45700 48.4052
45800 48.2598
45900 48.4661
46000 48.3006
46100 48.4205
46200 48.5426
46300 48.9189
46400 49.356
46500 49.4387
46600 49.523
46700 49.0901
46800 48.5485
46900 48.3455
47000 48.7136
47100 48.6357
47200 48.6145
47300 48.7547
47400 48.8763
47500 48.6691
47600 48.3295
47700 48.6904
47800 48.6169
47900 48.583
48000 48.7589
48100 49.329
48200 49.5955
48300 49.9434
48400 50.1068
48500 50.1383
48600 50.1906
48700 50.2974
48800 50.5665
48900 50.5058
49000 50.7297
49100 50.446
49200 50.5973
49300 50.7508
49400 50.3214
49500 50.5014
49600 50.4382
49700 49.7307
49800 49.3099
49900 48.996
50000 49.2529
50100 49.2016
50200 48.8485
50300 49.0617
50400 49.6059
50500 50.1209
50600 50.2241
50700 50.0883
50800 49.2003
50900 48.6662
51000 48.8748
51100 49.0905
51200 49.412
51300 50.0121
51400 50.7396
51500 51.1528
51600 50.767
51700 50.5149
51800 50.264
51900 50.4804
52000 50.7072
52100 50.7083
52200 50.8386
52300 50.7506
52400 50.5953
52500 50.6953
52600 50.8479
52700 51.0409
52800 51.1578
52900 51.0865
53000 51.0064
53100 51.3781
53200 51.2031
53300 50.8578
53400 50.9078
53500 50.9291
53600 50.805
53700 50.4103
53800 50.4407
53900 50.5124
54000 50.9474
54100 51.0301
54200 50.7834
54300 50.7286
54400 50.9506
54500 50.957
54600 51.5665
54700 51.7475
54800 52.0334
54900 52.1768
55000 51.6659
55100 51.1502
55200 50.881
55300 50.84
55400 51.1055
55500 50.8786
55600 50.3178
55700 50.5719
55800 50.3663
55900 50.829
56000 50.9779
56100 51.1736
56200 51.5042
56300 51.42
56400 51.5062
56500 51.6501
56600 51.9412
56700 51.935
56800 52.0649
56900 52.0293
57000 51.8997
57100 51.521
57200 51.359
57300 51.3121
57400 51.226
57500 51.0043
57600 50.7917
57700 50.823
57800 51.0864
57900 51.2302
58000 51.3965
58100 51.3007
58200 51.314
58300 51.3515
58400 51.6569
58500 52.1968
58600 52.1757
58700 52.1785
58800 52.2015
58900 51.6419
59000 51.3774
59100 51.1981
59200 51.1653
59300 51.4692
59400 51.8086
59500 52.2062
59600 52.1545
59700 52.3093
59800 52.0973
59900 52.1782
60000 51.8987
