# Time-averaged data for fix ave_time_3
# TimeStep c_carbon_middle_temp
100 237.888
200 259.962
300 267.771
400 277.11
500 279.372
600 288.038
700 284.429
800 292.514
900 291
1000 294.369
1100 298.741
1200 295.746
1300 299.142
1400 295.597
1500 299.06
1600 297.908
1700 299.845
1800 301.026
1900 297.357
2000 299.069
2100 299.572
2200 301.763
2300 299.575
2400 299.466
2500 299.563
2600 303.409
2700 298.258
2800 300.036
2900 295.637
3000 302.634
3100 298.083
3200 299.274
3300 301.292
3400 300.002
3500 301.359
3600 298.334
3700 298.396
3800 301.948
3900 300.039
4000 302.21
4100 299.323
4200 296.427
4300 302.268
4400 299.709
4500 302.525
4600 296.464
4700 301.854
4800 298.43
4900 301.208
5000 300.441
5100 298.849
5200 298.199
5300 301.803
5400 299.518
5500 302.074
5600 301.836
5700 297.044
5800 297.579
5900 299.903
6000 300.552
6100 302.519
6200 298.072
6300 296.689
6400 300.776
6500 303.143
6600 300.139
6700 299.026
6800 298.94
6900 299.622
7000 301.936
7100 300.532
7200 300.553
7300 299.01
7400 296.848
7500 301.602
7600 301.427
7700 299.946
7800 301.238
7900 298.758
8000 297.869
8100 300.257
8200 300.65
8300 300.355
8400 301.696
8500 297.337
8600 299.836
8700 302.829
8800 299.944
8900 299.578
9000 298.091
9100 301.52
9200 296.59
9300 302.908
9400 301.562
9500 297.481
9600 300.147
9700 298.954
9800 301.271
9900 299.576
10000 301.829
10100 296.419
10200 300.839
10300 301.314
10400 299.179
10500 303.27
10600 298.283
10700 296.614
10800 302.769
10900 301.93
11000 297.766
11100 300.599
11200 297.824
11300 300.553
11400 300.472
11500 300.829
11600 301.584
11700 294.53
11800 301.284
11900 301.227
12000 299.042
12100 302.961
12200 298.224
12300 297.993
12400 303.323
12500 299.025
12600 300.535
12700 299.928
12800 297.517
12900 298.393
13000 302.922
13100 298.361
13200 300.933
13300 298.91
13400 300.632
13500 301.171
13600 300.947
13700 300.145
13800 296.936
13900 299.992
14000 298.689
14100 302.765
14200 301.061
14300 297.857
14400 300.698
14500 300.558
14600 299.247
14700 300.463
14800 298.973
14900 298.922
15000 299.302
15100 303.444
15200 299.886
15300 298.104
15400 298.379
15500 301.149
15600 299.305
15700 303.804
15800 300.302
15900 297.271
16000 296.778
16100 302.699
16200 301.143
16300 297.922
16400 299.351
16500 300.886
16600 300.219
16700 300.034
16800 299.206
16900 299.131
17000 298.711
17100 302.689
17200 300.676
17300 300.825
17400 300.684
17500 296.418
17600 300.242
17700 300.731
17800 301.852
17900 300.97
18000 297.059
18100 299.376
18200 299.807
18300 302.526
18400 299.238
18500 297.452
18600 301.634
18700 299.902
18800 299.699
18900 300.83
19000 297.385
19100 299.205
19200 303.453
19300 298.601
19400 302.087
19500 296.939
19600 300.671
19700 296.861
19800 303.993
19900 301.232
20000 298.984
20100 297.517
20200 301.249
20300 300.275
20400 299.319
20500 302.382
20600 296.903
20700 301.692
20800 299.584
20900 300.887
21000 298.553
21100 299.542
21200 301.185
21300 300.971
21400 298.33
21500 299.675
21600 299.404
21700 297.696
21800 304.271
21900 300.532
22000 298.464
22100 300.085
22200 299.136
22300 298.795
22400 303.974
22500 296.715
22600 301.737
22700 298.913
22800 301.397
22900 298.633
23000 299.348
23100 298.223
23200 300.698
23300 301.702
23400 301.144
23500 297.871
23600 298.817
23700 302.644
23800 297.795
23900 302.081
24000 299.026
24100 299.075
24200 302.418
24300 297.264
24400 301.119
24500 299.136
24600 299.369
24700 299.432
24800 302.054
24900 300.121
25000 300.188
25100 297.982
25200 299.652
25300 301.53
25400 302.808
25500 298.333
25600 298.39
25700 300.172
25800 300.15
25900 298.487
26000 302.894
26100 297.808
26200 300.249
26300 300.411
26400 297.723
26500 298.87
26600 301.77
26700 298.84
26800 303.646
26900 298.615
27000 298.795
27100 298.271
27200 301.857
27300 301.509
27400 299.666
27500 298.459
27600 299.6
27700 300.861
27800 299.297
27900 301.37
28000 297.545
28100 300.442
28200 301.37
28300 300.999
28400 298.508
28500 296.116
28600 302.329
28700 301.133
28800 303.009
28900 299.814
29000 296.871
29100 297.973
29200 301.922
29300 302.302
29400 299.256
29500 297.248
29600 300.282
29700 298.8
29800 302.798
29900 299.837
30000 298.965
30100 299.857
30200 298.968
30300 300.542
30400 301.057
30500 299.357
30600 298.357
30700 302.294
30800 299.432
30900 300.514
31000 298.335
31100 299.417
31200 300.371
31300 300.222
31400 301.292
31500 298.432
31600 300.119
31700 301.12
31800 298.411
31900 300.337
32000 300.635
32100 299.008
32200 300.173
32300 299.639
32400 301.009
32500 298.793
32600 299.942
32700 302.996
32800 295.925
32900 300.265
33000 300.964
33100 299.605
33200 299.447
33300 300.278
33400 299.302
33500 301.631
33600 297.821
33700 301.608
33800 299.178
33900 301.697
34000 299.323
34100 298.976
34200 300.614
34300 300.047
34400 300.661
34500 297.201
34600 299.717
34700 300.189
34800 300.082
34900 299.269
35000 303.044
35100 298.177
35200 301.034
35300 300.59
35400 300.269
35500 299.088
35600 299.013
35700 299.666
35800 299.898
35900 300.472
36000 299.811
36100 298.158
36200 300.977
36300 299.421
36400 300.873
36500 301.85
36600 298.461
36700 298.406
36800 298.654
36900 302.979
37000 299.563
37100 301.94
37200 297.015
37300 298.266
37400 301.46
37500 299.973
37600 300.667
37700 298.039
37800 301.3
37900 297.823
38000 301.595
38100 299.632
38200 300.902
38300 299.003
38400 300.293
38500 300.583
38600 299.11
38700 301.02
38800 299.298
38900 300.796
39000 300.06
39100 298.097
39200 300.438
39300 297.839
39400 302.778
39500 297.974
39600 300.668
39700 302.307
39800 299.227
39900 296.52
40000 302.829
40100 299.394
40200 300.717
40300 300.416
40400 298.603
40500 299.269
40600 300.382
40700 300.827
40800 298.75
40900 299.861
41000 298.736
41100 300.68
41200 300.53
41300 300.229
41400 296.487
41500 303.311
41600 299.16
41700 300.828
41800 300.621
41900 298.586
42000 299.353
42100 300.307
42200 301.134
42300 297.459
42400 299.987
42500 301.14
42600 299.365
42700 300.529
42800 298.067
42900 299.719
43000 299.268
43100 303.384
43200 298.156
43300 299.842
43400 299.171
43500 301.986
43600 299.506
43700 297.698
43800 300.317
43900 299.774
44000 304.603
44100 298.1
44200 298.769
44300 297.552
44400 300.106
44500 301.884
44600 300.336
44700 296.598
44800 300.301
44900 299.796
45000 302.727
45100 299.862
45200 298.096
45300 300.279
45400 300.457
45500 299.417
45600 300.582
45700 299.38
45800 299.872
45900 299.51
46000 301.847
46100 297.987
46200 300.181
46300 300.628
46400 300.43
46500 297.697
46600 299.703
46700 302.137
46800 298.612
46900 301.111
47000 298.82
47100 298.499
47200 300.996
47300 301.073
47400 299.226
47500 298.587
47600 299.735
47700 300.754
47800 300.072
47900 299.345
48000 300.745
48100 301.139
48200 295.863
48300 300.963
48400 299.743
48500 303.229
48600 297.969
48700 301.04
48800 297.927
48900 300.554
49000 299.102
49100 300.489
49200 300.722
49300 298.603
49400 300.698
49500 299.477
49600 300.976
49700 298.099
49800 299.561
49900 299.199
50000 302.758
50100 300.309
50200 298.918
50300 301.843
50400 298.117
50500 300.102
50600 298.919
50700 300.963
50800 297.97
50900 300.748
51000 301.735
51100 297.949
51200 299.884
51300 299.615
51400 300.414
51500 300.39
51600 300.819
51700 296.513
51800 302.274
51900 301.834
52000 299.147
52100 298.141
52200 298.668
52300 302.6
52400 299.176
52500 298.2
52600 298.782
52700 301.379
52800 301.583
52900 300.827
53000 296.822
53100 300.429
53200 301.008
53300 301.204
53400 298.505
53500 298.796
53600 298.246
53700 302.72
53800 300.391
53900 298.93
54000 300.045
54100 298.458
54200 302.326
54300 299.242
54400 298.544
54500 300.541
54600 300.618
54700 298.878
54800 299.36
54900 301.694
55000 298.713
55100 299.385
55200 299.862
55300 302.174
55400 297.606
55500 301.277
55600 298.01
55700 301.332
55800 298.991
55900 300.273
56000 298.889
56100 300.029
56200 300.354
56300 300.034
56400 300.898
56500 295.788
56600 300.91
56700 303.395
56800 298.276
56900 300.531
57000 297.953
57100 301.183
57200 299.357
57300 298.568
57400 299.354
57500 301.427
57600 299.025
57700 301.428
57800 301.84
57900 297.564
58000 298.877
58100 300.432
58200 301.666
58300 298.806
58400 300.787
58500 297.194
58600 300.232
58700 301.163
58800 302.623
58900 296.666
59000 298.604
59100 299.046
59200 304.232
59300 297.986
59400 299.312
59500 298.232
59600 301.034
59700 300.141
59800 300.515
59900 299.311
60000 300.161
60100 299.532
60200 301.344
60300 300.299
60400 296.839
60500 301.513
60600 299.66
60700 300.953
60800 296.759
60900 298.193
61000 301.292
61100 300.153
61200 302.504
61300 296.995
61400 301.513
61500 298.903
61600 300.79
61700 300.583
61800 299.831
61900 301.026
62000 300.544
62100 299.392
62200 298.537
62300 302.134
62400 298.462
62500 298.907
62600 300.478
62700 299.496
62800 298.892
62900 303.915
63000 296.088
63100 299.649
63200 303.853
63300 298.269
63400 297.986
63500 301.111
63600 299.996
63700 300.422
63800 301.29
63900 299.149
64000 298.582
64100 298.819
64200 303.025
64300 298.07
64400 300.372
64500 298.743
64600 299.424
64700 302.26
64800 298.241
64900 301.591
65000 298.359
65100 301.238
65200 300.28
65300 300.489
65400 297.919
65500 301.206
65600 298.933
65700 298.84
65800 300.423
65900 299.386
66000 298.62
66100 302.297
66200 298.813
66300 301.43
66400 299.194
66500 299.96
66600 301.183
66700 298.587
66800 300.514
66900 298.642
67000 300.175
67100 300.112
67200 299.355
67300 301.728
67400 297.039
67500 300.611
67600 299.998
67700 301.533
67800 296.13
67900 303.404
68000 297.777
68100 301.484
68200 298.25
68300 300.369
68400 300.862
68500 298.907
68600 300.447
68700 299.765
68800 300.082
68900 299.013
69000 299.881
69100 299.769
69200 300.281
69300 299.314
69400 299.481
69500 297.672
69600 301.511
69700 301.208
69800 300.205
69900 298.772
70000 301.1
70100 300.552
70200 298.495
70300 301.975
70400 297.018
70500 299.805
70600 299.669
70700 301.798
70800 297.233
70900 298.515
71000 301.535
71100 301.899
71200 297.952
71300 298.899
71400 302.908
71500 298.615
71600 298.048
71700 304.263
71800 298.573
71900 298.766
72000 300.492
72100 300.798
72200 297.472
72300 299.854
72400 300.845
72500 298.664
72600 299.7
72700 299.377
72800 300.963
72900 298.643
73000 299.928
73100 300.045
73200 299.093
73300 300.7
73400 300.678
73500 298.826
73600 301.262
73700 297.92
73800 301.034
73900 300.106
74000 296.65
74100 299.704
74200 302.358
74300 298.747
74400 298.665
74500 302.211
74600 299.973
74700 300.327
74800 299.6
74900 302.256
75000 298.485
75100 297.935
75200 300.539
75300 301.387
75400 299.236
75500 299.935
75600 298.714
75700 299.918
75800 299.57
75900 299.563
76000 299.44
76100 301.447
76200 298.345
76300 301.352
76400 298.638
76500 302.006
76600 301.678
76700 296.193
76800 301.237
76900 298.638
77000 302.061
77100 297.668
77200 299.649
77300 300.846
77400 300.452
77500 298.819
77600 299.296
77700 300.986
77800 299.088
77900 301.85
78000 300.166
78100 297.041
78200 301.291
78300 300.058
78400 299.392
78500 298.989
78600 299.228
78700 302.787
78800 298.007
78900 299.274
79000 299.481
79100 299.561
79200 298.765
79300 301.957
79400 300.149
79500 300.663
79600 300.44
79700 299.307
79800 298.713
79900 298.036
80000 301.572
80100 298.991
80200 298.994
80300 303.305
80400 299.304
80500 299.839
80600 299.739
80700 300.094
80800 298.228
80900 301.438
81000 301.822
81100 299.393
81200 302.477
81300 297.59
81400 297.287
81500 302.259
81600 295.373
81700 302.823
81800 301.018
81900 300.373
82000 297.857
82100 299.27
82200 299.101
82300 299.918
82400 300.415
82500 299.214
82600 301.575
82700 299.782
82800 298.913
82900 302.042
83000 298.893
83100 299.546
83200 298.752
83300 300.285
83400 301.323
83500 299.862
83600 298.969
83700 299.063
83800 299.971
83900 300.183
84000 299.572
84100 300.293
84200 297.656
84300 302.031
84400 299.734
84500 302.699
84600 299.596
84700 300.281
84800 296.981
84900 300.981
85000 297.404
85100 301.437
85200 299.567
85300 300.986
85400 299.973
85500 298.709
85600 299.913
85700 299.403
85800 300.314
85900 300.355
86000 300.264
86100 298.595
86200 300.336
86300 300.425
86400 298.474
86500 299.982
86600 300.958
86700 299.85
86800 299.778
86900 298.898
87000 302.216
87100 298.246
87200 300.824
87300 297.27
87400 300.364
87500 301.25
87600 298.423
87700 300.873
87800 301.183
87900 299.135
88000 301.76
88100 296.907
88200 300.077
88300 300.856
88400 300.256
88500 300.26
88600 299.309
88700 299.715
88800 301.279
88900 299.291
89000 298.747
89100 300.081
89200 300.451
89300 300.169
89400 299.631
89500 301.494
89600 298.994
89700 296.937
89800 300.368
89900 298.916
90000 301.334
90100 299.448
90200 300.073
90300 299.815
90400 299.662
90500 302.216
90600 297.878
90700 301.431
90800 297.982
90900 299.961
91000 304.291
91100 297.484
91200 298.715
91300 296.837
91400 299.011
91500 301.841
91600 299.588
91700 301.874
91800 299.789
91900 299.135
92000 301.089
92100 298.436
92200 301.22
92300 298.972
92400 301.181
92500 298.557
92600 301.173
92700 301.93
92800 301.18
92900 298.121
93000 298.894
93100 299.474
93200 298.591
93300 301.531
93400 299.927
93500 297.431
93600 300.878
93700 297.763
93800 301.626
93900 300.673
94000 298.462
94100 300.716
94200 301.722
94300 298.625
94400 299.903
94500 301.163
94600 295.592
94700 301.806
94800 299.89
94900 299.244
95000 302.937
95100 298.012
95200 300.119
95300 300.846
95400 296.856
95500 301.296
95600 301.065
95700 298.536
95800 300.316
95900 301.672
96000 299.568
96100 299.773
96200 300.988
96300 299.86
96400 300.68
96500 298.035
96600 297.854
96700 301.252
96800 301.195
96900 297.977
97000 301.462
97100 299.204
97200 299.104
97300 300.17
97400 301.998
97500 297.708
97600 300.326
97700 300.35
97800 297.04
97900 301.819
98000 302.351
98100 297.479
98200 299.356
98300 298.924
98400 299.705
98500 301.077
98600 300.718
98700 298.635
98800 300.559
98900 302.386
99000 297.075
99100 300.529
99200 297.895
99300 301.79
99400 299.324
99500 299.214
99600 299.252
99700 302.927
99800 299.885
99900 297.52
100000 300.89
100100 299.683
100200 300.513
100300 299.991
100400 299.056
100500 299.302
100600 302.094
100700 296.127
100800 300.754
100900 302.245
101000 299.229
101100 298.432
101200 299.166
101300 302.922
101400 300.391
101500 299.439
101600 299.231
101700 301.432
101800 297.497
101900 300.019
102000 301.606
102100 300.671
102200 297.07
102300 300.214
102400 300.231
102500 300.066
102600 299.334
102700 298.442
102800 301.082
102900 300.815
103000 297.442
103100 300.315
103200 300.673
103300 299.224
103400 300.749
103500 298.368
103600 300.31
103700 299.926
103800 300.599
103900 298.308
104000 302.999
104100 298.128
104200 299.069
104300 299.671
104400 299.498
104500 301.345
104600 300.257
104700 298.454
104800 300.073
104900 301.226
105000 300.131
105100 299.605
105200 302.322
105300 299.282
105400 300.333
105500 300.242
105600 299.468
105700 298.301
105800 296.828
105900 300.633
106000 299.259
106100 303.002
106200 299.773
106300 299.957
106400 299.09
106500 299.121
106600 299.654
106700 299.724
106800 300.447
106900 298.231
107000 301.552
107100 299.974
107200 300.15
107300 297.706
107400 300.693
107500 300.12
107600 302.052
107700 298.989
107800 299.306
107900 299.273
108000 299.773
108100 299.653
108200 299.994
108300 300.855
108400 298.856
108500 300.504
108600 300.735
108700 298.73
108800 299.157
108900 299.289
109000 299.117
109100 299.617
109200 299.74
109300 301.363
109400 298.488
109500 301.555
109600 299.452
109700 300.209
109800 300.498
109900 300.173
110000 299.842
110100 300.925
110200 297.659
110300 301.894
110400 298.553
110500 297.201
110600 302.109
110700 298.323
110800 299.156
110900 297.99
111000 301.669
111100 299.712
111200 302.974
111300 297.53
111400 302.481
111500 299.185
111600 299.497
111700 300.825
111800 300.643
111900 297.615
112000 299.648
112100 298.909
112200 300.264
112300 298.562
112400 301.557
112500 299.748
112600 300.443
112700 299.913
112800 299.846
112900 297.56
113000 299.944
113100 301.521
113200 301.479
113300 298.67
113400 299.064
113500 300.843
113600 298.708
113700 300.928
113800 298.604
113900 298.338
114000 300.876
114100 298.486
114200 303.741
114300 297.564
114400 299.861
114500 298.916
114600 301.927
114700 297.473
114800 302.946
114900 299.953
115000 298.263
115100 303.107
115200 297.349
115300 299.213
115400 301.705
115500 297.301
115600 300.989
115700 301.566
115800 301.7
115900 296.935
116000 299.413
116100 299.962
116200 299.245
116300 301.194
116400 301.099
116500 298.859
116600 303.718
116700 295.336
116800 301.424
116900 300.347
117000 299.611
117100 299.941
117200 301.291
117300 299.639
117400 300.742
117500 298.159
117600 300.777
117700 299.035
117800 301.054
117900 302.001
118000 297.073
118100 301.272
118200 300.185
118300 302.116
118400 297.425
118500 299.039
118600 299.08
118700 299.835
118800 299.116
118900 300.323
119000 298.981
119100 302.345
119200 298.816
119300 301.247
119400 299.873
119500 300.061
119600 299.445
119700 299.7
119800 302.798
119900 296.609
120000 301.554
120100 296.294
120200 297.032
120300 302.32
120400 300.745
120500 301.119
120600 299.378
120700 300.284
120800 299.842
120900 301.507
121000 296.974
121100 301.993
121200 300.27
121300 298.694
121400 300.139
121500 299.774
121600 300.197
121700 298.889
121800 299.829
121900 298.076
122000 302.062
122100 299.627
122200 298.597
122300 299.892
122400 302.167
122500 297.152
122600 300.77
122700 301.877
122800 301.615
122900 301.355
123000 311.02
123100 310.688
123200 306.637
123300 330.829
123400 325.58
123500 324.06
123600 318.326
123700 315.344
123800 312.732
123900 307.703
124000 307.451
124100 307.494
124200 300.626
124300 304.455
124400 304.371
124500 303.326
124600 302.798
124700 303.681
124800 299.516
124900 302.505
125000 302.811
125100 299.757
125200 300.906
125300 299.408
125400 301.179
125500 301.544
125600 300.851
125700 297.454
125800 301.222
125900 299.845
126000 300.857
126100 299.533
126200 301.555
126300 299.016
126400 295.945
126500 303.934
126600 296.242
126700 300.942
126800 302.686
126900 298.962
127000 299.987
127100 299.848
127200 301.015
127300 300.407
127400 297.78
127500 304.431
127600 300.029
127700 302.61
127800 297.771
127900 299.754
128000 300.623
128100 297.921
128200 300.804
128300 300.832
128400 298.307
128500 301.244
128600 296.943
128700 303.125
128800 298.031
128900 299.335
129000 298.83
129100 299.068
129200 303.517
129300 299.628
129400 301.531
129500 300.479
129600 300.265
129700 299.424
129800 300.059
129900 299.874
130000 299.78
130100 297.54
130200 301.964
130300 301.199
130400 300.977
130500 301.754
130600 301.062
130700 300.471
130800 302.126
130900 300.226
131000 301.143
131100 298.886
131200 299.562
131300 298.667
131400 300.431
131500 302.939
131600 298.379
131700 300.277
131800 301.641
131900 301.064
132000 300.088
132100 297.022
132200 300.567
132300 300.364
132400 303.03
132500 298.537
132600 299.21
132700 301.758
132800 298.595
132900 300.135
133000 298.583
133100 302.865
133200 301.342
133300 298.929
133400 303.259
133500 298.51
133600 302.835
133700 300.891
133800 300.035
133900 300.901
134000 300.161
134100 302.182
134200 299.889
134300 299.799
134400 298.365
134500 300.286
134600 303.574
134700 297.121
134800 303.219
134900 299.116
135000 299.558
135100 299.495
135200 300.063
135300 300.604
135400 302.254
135500 297.121
135600 303.133
135700 302.931
135800 300.61
135900 301.281
136000 298.849
136100 299.907
136200 298.848
136300 301.998
136400 298.572
136500 302.009
136600 297.035
136700 301.627
136800 298.237
136900 303.478
137000 298.228
137100 301.648
137200 301.96
137300 298.483
137400 302.577
137500 300.633
137600 300.714
137700 299.905
137800 299.061
137900 300.638
138000 302.647
138100 298.591
138200 301.194
138300 299.045
138400 302.045
138500 300.239
138600 298.561
138700 301.83
138800 299.802
138900 300.533
139000 301.03
139100 298.291
139200 300.878
139300 301.738
139400 298.809
139500 298.417
139600 301.137
139700 300.257
139800 298.424
139900 301.097
140000 300.294
140100 300.395
140200 300.803
140300 298.105
140400 300.125
140500 300.911
140600 302.413
140700 296.856
140800 300.427
140900 301.814
141000 299.034
141100 299.859
141200 297.914
141300 300.091
141400 302.42
141500 300.847
141600 300.639
141700 299.546
141800 300.643
141900 301.591
142000 300.311
142100 299.422
142200 300.055
142300 300.124
142400 302.059
142500 301.158
142600 301.496
142700 299.072
142800 301.475
142900 300.758
143000 298.633
143100 301.104
143200 299.73
143300 299.714
143400 300.508
143500 301.669
143600 298.631
143700 300.703
143800 301.766
143900 298.949
144000 301.157
144100 303.557
144200 297.663
144300 300.999
144400 298.75
144500 304.705
144600 297.808
144700 300.978
144800 300.993
144900 301.327
145000 300.194
145100 301.713
145200 301.244
145300 300.331
145400 302.808
145500 296.773
145600 299.99
145700 300.023
145800 299.279
145900 301.58
146000 301.929
146100 300.116
146200 300.123
146300 299.681
146400 298.274
146500 302.465
146600 301.309
146700 301.277
146800 301.329
146900 297.829
147000 302.252
147100 300.997
147200 297.648
147300 302.035
147400 298.718
147500 299.809
147600 300.673
147700 298.759
147800 312.074
147900 316.532
148000 309.715
148100 311.821
148200 305.196
148300 308.935
148400 305.146
148500 300.303
148600 302.28
148700 303.102
148800 301.496
148900 300.693
149000 301.003
149100 302.531
149200 299.567
149300 300.105
149400 298.263
149500 299.361
149600 303.888
149700 299.115
149800 300.573
149900 297.547
150000 302.002
150100 298.29
150200 305.405
150300 300.576
150400 303.153
150500 298.764
150600 300.864
150700 300.949
150800 299.815
150900 300.226
151000 298.38
151100 298.104
151200 298.824
151300 302.551
151400 299.236
151500 300.194
151600 302.497
151700 299.263
151800 300.106
151900 300.979
152000 300.655
152100 300.69
152200 301.667
152300 300.22
152400 301.075
152500 301.813
152600 301.061
152700 299.405
152800 300.01
152900 301.813
153000 298.988
153100 299.845
153200 301.882
153300 297.997
153400 301.213
153500 299.664
153600 301.08
153700 304.569
153800 298.037
153900 301.451
154000 299.808
154100 300.254
154200 298.165
154300 301.048
154400 300.843
154500 300.371
154600 298.613
154700 299.49
154800 302.237
154900 300.544
155000 299.807
155100 302.508
155200 303.453
155300 299.564
155400 298.294
155500 302.256
155600 300.491
155700 296.125
155800 300.164
155900 301.811
156000 301.449
156100 297.988
156200 303.453
156300 301.096
156400 301.545
156500 299.848
156600 299.874
156700 299.159
156800 301.11
156900 301.957
157000 296.263
157100 301.36
157200 301.192
157300 299.024
157400 305.295
157500 306.846
157600 307.637
157700 304.622
157800 302.68
157900 302.197
158000 302.061
158100 301.622
158200 300.453
158300 300.954
158400 302.284
158500 300.881
158600 303.285
158700 299.149
158800 299.932
158900 299.842
159000 302.991
159100 302.382
159200 299.723
159300 300.402
159400 298.368
159500 301.776
159600 301.223
159700 301.264
159800 297.829
159900 302.698
160000 301.881
160100 302.386
160200 298.251
160300 301.254
160400 299.147
160500 300.661
160600 302.067
160700 300.988
160800 298.943
160900 300.917
161000 300.606
161100 300.994
161200 301.558
161300 298.662
161400 299.18
161500 302.98
161600 299.331
161700 299.2
161800 301.094
161900 301.001
162000 300.437
162100 299.394
162200 299.435
162300 302.539
162400 297.42
162500 300.327
162600 301.545
162700 300.47
162800 298.859
162900 303.016
163000 300.504
163100 297.38
163200 303.804
163300 299.128
163400 299.245
163500 300.418
163600 303.831
163700 301.277
163800 301.841
163900 303.192
164000 301
164100 297.342
164200 297.889
164300 302.323
164400 320.594
164500 314.609
164600 313.443
164700 311.623
164800 304.92
164900 306.04
165000 305.293
165100 302.969
165200 304.96
165300 303.317
165400 303.362
165500 303.89
165600 301.915
165700 301.317
165800 299.472
165900 303.542
166000 299.299
166100 301.938
166200 302.211
166300 298.818
166400 300.172
166500 300.139
166600 300.524
166700 298.157
166800 302.78
166900 302.914
167000 301.764
167100 299.991
167200 301.194
167300 302.636
167400 301.398
167500 303.404
167600 301.729
167700 301.088
167800 301.243
167900 300.339
168000 301
168100 301.297
168200 301.114
168300 300.571
168400 304.779
168500 296.945
168600 299.934
168700 300.037
168800 301.05
168900 301.632
169000 303.148
169100 298.151
169200 300.073
169300 304.285
169400 299.998
169500 297.837
169600 299.292
169700 300.344
169800 301.806
169900 299.419
170000 299.362
170100 302.243
170200 300.123
170300 300.496
170400 298.833
170500 301.878
170600 302.455
170700 299.068
170800 302.135
170900 300.8
171000 300.458
171100 301.557
171200 302.981
171300 303.745
171400 304.045
171500 302.037
171600 302.065
171700 300.642
171800 303.765
171900 304.207
172000 298.765
172100 302.931
172200 300.95
172300 304.7
172400 301.806
172500 300.567
172600 304.845
172700 301.839
172800 303.215
172900 300.219
173000 301.823
173100 297.761
173200 302.188
173300 298.988
173400 301.981
173500 302.134
173600 302.359
173700 299.343
173800 302.263
173900 297.562
174000 301.597
174100 300.402
174200 301.98
174300 300.292
174400 302.597
174500 299.478
174600 300.376
174700 301.319
174800 300.526
174900 301.036
175000 303.763
175100 301.109
175200 301.851
175300 300.927
175400 299.447
175500 298.827
175600 301.297
175700 303.221
175800 302.537
175900 301.25
176000 299.537
176100 303.526
176200 298.239
176300 304.492
176400 298.309
176500 302.16
176600 301.341
176700 301.112
176800 302.026
176900 296.953
177000 302.599
177100 300.15
177200 300.573
177300 303.769
177400 302.22
177500 299.916
177600 300.933
177700 299.156
177800 300.613
177900 301.01
178000 302.739
178100 298.778
178200 303.374
178300 321.637
178400 328.391
178500 319.702
178600 314.99
178700 312.59
178800 308.871
178900 309.553
179000 304.23
179100 306.696
179200 304.33
179300 302.099
179400 305.796
179500 303.444
179600 303.091
179700 301.457
179800 301.368
179900 301.332
180000 305.854
180100 303.418
180200 302.879
180300 299.7
180400 304.356
180500 300.728
180600 300.141
180700 303.333
180800 301.162
180900 301.58
181000 302.7
181100 301.735
181200 302.362
181300 300.716
181400 302.489
181500 299.842
181600 303.247
181700 304.51
181800 302.353
181900 303.121
182000 301.203
182100 302.825
182200 303.464
182300 300.711
182400 301.343
182500 304.426
182600 301.576
182700 304.348
182800 300.332
182900 302.066
183000 304.126
183100 301.017
183200 302.213
183300 303.304
183400 300.401
183500 301.918
183600 303.156
183700 299.639
183800 302.512
183900 303.829
184000 300.952
184100 302.296
184200 302.48
184300 302.358
184400 300.617
184500 300.475
184600 299.638
184700 301.979
184800 302.49
184900 302.12
185000 300.05
185100 299.518
185200 300.455
185300 300.834
185400 300.249
185500 300.365
185600 305.841
185700 302.19
185800 300.551
185900 302.118
186000 297.207
186100 302.549
186200 301.328
186300 302.311
186400 300.599
186500 301.806
186600 304.671
186700 301.611
186800 305.743
186900 301.544
187000 298.408
187100 302.509
187200 302.195
187300 303.486
187400 301.86
187500 302.533
187600 303.113
187700 302.175
187800 301.853
187900 300.403
188000 298.857
188100 303.991
188200 302.721
188300 302.245
188400 302.433
188500 305.174
188600 306.472
188700 301.949
188800 299.82
188900 301.408
189000 303.889
189100 307.305
189200 321.425
189300 318.878
189400 318.213
189500 309.79
189600 309.248
189700 327.317
189800 325.756
189900 317.378
190000 314.726
190100 310.529
190200 311.083
190300 309.261
190400 307.524
190500 304.443
190600 301.692
190700 304.664
190800 300.57
190900 302.554
191000 304.166
191100 301.087
191200 300.657
191300 300.766
191400 302.8
191500 300.324
191600 305.318
191700 297.524
191800 299.257
191900 301.061
192000 302.907
192100 325.171
192200 318.599
192300 310.997
192400 311.819
192500 309.662
192600 306.797
192700 309.365
192800 303.84
192900 304.952
193000 299.845
193100 302.483
193200 302.441
193300 301.275
193400 301.09
193500 299.295
193600 300.965
193700 302.02
193800 303.328
193900 301.758
194000 301.984
194100 302.487
194200 302.055
194300 300.732
194400 301.38
194500 301.907
194600 302.676
194700 300.248
194800 301.48
194900 300.65
195000 304.097
195100 301.072
195200 302.369
195300 298.914
195400 299.759
195500 300.489
195600 300.602
195700 301.655
195800 303.237
195900 301.129
196000 301.548
196100 302.334
196200 301.107
196300 302.834
196400 303.362
196500 299.509
196600 302.137
196700 301.943
196800 303.658
196900 298.614
197000 301.362
197100 301.408
197200 300.571
197300 298.883
197400 301.537
197500 305.715
197600 298.682
197700 300.207
197800 301.728
197900 300.994
198000 303.025
198100 299.192
198200 301.765
198300 305.005
198400 302.877
198500 303.987
198600 300.947
198700 303.702
198800 302.262
198900 299.659
199000 300.998
199100 302.46
199200 302.747
199300 301.633
199400 299.978
199500 303.164
199600 302.51
199700 299.786
199800 313.417
199900 309.854
200000 311.33
200100 304.668
200200 307.081
200300 303.339
200400 308.811
200500 305.063
200600 303.369
200700 304.388
200800 305.367
200900 301.536
201000 301.263
201100 302.875
201200 304.162
201300 299.666
201400 302.158
201500 300.837
201600 303.432
201700 299.486
201800 303.6
201900 304.18
202000 301.529
202100 302.548
202200 297.422
202300 305.131
202400 302.058
202500 300.138
202600 301.053
202700 302.743
202800 300.341
202900 302.159
203000 303.994
203100 302.509
203200 302.404
203300 300.051
203400 303.147
203500 303.939
203600 304.259
203700 302.488
203800 302.185
203900 303.431
204000 305.169
204100 304.756
204200 303.237
204300 304.455
204400 301.487
204500 301.955
204600 302.382
204700 304.15
204800 303.055
204900 301.132
205000 302.512
205100 307.782
205200 303.147
205300 307.088
205400 304.399
205500 302.882
205600 304.205
205700 304.99
205800 305.407
205900 302.168
206000 301.263
206100 304.745
206200 300.46
206300 300.479
206400 300.856
206500 304.155
206600 302.318
206700 301.807
206800 299.429
206900 305.805
207000 302.724
207100 305.005
207200 303.568
207300 306.894
207400 300.652
207500 302.37
207600 301.763
207700 302.087
207800 300.321
207900 298.792
208000 303.19
208100 301.233
208200 304.009
208300 301.175
208400 305.151
208500 301.779
208600 303.922
208700 301.898
208800 301.444
208900 306.092
209000 300.718
209100 305.091
209200 300.131
209300 301.5
209400 301.159
209500 300.946
209600 304.28
209700 299.723
209800 300.363
209900 302.207
210000 300.151
210100 303.575
210200 303.183
210300 299.92
210400 303.781
210500 306.712
210600 302.193
210700 305.945
210800 306.469
210900 303.479
211000 302.299
211100 308.101
211200 302.555
211300 303.057
211400 306.569
211500 304.048
211600 302.864
211700 303.004
211800 304.114
211900 305.752
212000 303.585
212100 300.931
212200 301.794
212300 300.422
212400 301.127
212500 302.928
212600 301.972
212700 297.697
212800 301.203
212900 302.017
213000 301.866
213100 304.348
213200 301.323
213300 298.5
213400 302.456
213500 303.183
213600 302.747
213700 302.422
213800 298.619
213900 302.825
214000 304.701
214100 303.529
214200 301.491
214300 301.937
214400 303.216
214500 302.595
214600 309.032
214700 332.832
214800 346.643
214900 377.875
215000 436.121
215100 437.422
215200 407.39
215300 388.351
215400 367.967
215500 358.728
215600 407.466
215700 386.393
215800 362.557
215900 352.441
216000 343.943
216100 331.023
216200 326.09
216300 334.773
216400 342.223
216500 413.41
216600 469.772
216700 452.174
216800 463.176
216900 443.71
217000 419.609
217100 498.845
217200 566.118
217300 661.384
217400 786.272
217500 1085.45
217600 1487.64
217700 1779.42
217800 1847.08
217900 1753.24
218000 1439.28
218100 1045.59
218200 933.585
218300 813.868
218400 687.282
218500 594.636
218600 534.689
218700 473.27
218800 435.914
218900 424.618
219000 405.242
219100 384.595
219200 348.227
219300 335.555
219400 343.044
219500 346.598
219600 329.573
219700 310.711
219800 311.314
219900 308.679
220000 312.368
220100 308.569
220200 308.041
220300 300.584
220400 305.229
220500 311.662
220600 307.554
220700 307.566
220800 295.674
220900 291.055
221000 299.835
221100 302.922
221200 302.761
221300 301.552
221400 306.026
221500 298.545
221600 295.198
221700 295.042
221800 307.059
221900 299.122
222000 302.268
222100 291.116
222200 303.208
222300 305.795
222400 304.479
222500 300.396
222600 296.784
222700 291.76
222800 299.325
222900 303.73
223000 304.484
223100 302.165
223200 301.599
223300 302.198
223400 301.851
223500 306.347
223600 302.341
223700 297.237
223800 300.614
223900 296.373
224000 299.575
224100 301.215
224200 299.502
224300 296.358
224400 302.047
224500 302.752
224600 304.295
224700 296.068
224800 289.313
224900 291.804
225000 301.955
225100 306.134
225200 304.641
225300 300.155
225400 299.086
225500 301.836
225600 303.918
225700 301.184
225800 299.613
225900 297.512
226000 303.369
226100 299.907
226200 305.575
226300 301.51
226400 296.459
226500 294.877
226600 297.15
226700 301.894
226800 302.147
226900 299.806
227000 299.588
227100 293.898
227200 296.561
227300 296.847
227400 300.937
227500 300.034
227600 296.558
227700 302.704
227800 299.386
227900 301.384
228000 299.145
228100 295.151
228200 301.599
228300 301.172
228400 301.814
228500 300.806
228600 304.828
228700 298.343
228800 296.996
228900 299.465
229000 302.691
229100 306.644
229200 301.765
229300 298.844
229400 299.049
229500 302.543
229600 302.914
229700 304.054
229800 304.778
229900 301.712
230000 301.523
230100 297.315
230200 296.571
230300 300.08
230400 303.059
230500 300.897
230600 298.841
230700 294.605
230800 300.763
230900 296.85
231000 300.028
231100 295.707
231200 299.451
231300 299.731
231400 297.878
231500 301.821
231600 301.131
231700 300.371
231800 301.429
231900 297.198
232000 300.924
232100 300.699
232200 305.775
232300 301.934
232400 301.149
232500 297.054
232600 301.49
232700 305.084
232800 303.213
232900 299.74
233000 297.169
233100 299.402
233200 298.679
233300 296.956
233400 301.478
233500 300.174
233600 298.845
233700 300.533
233800 297.742
233900 300.663
234000 299.022
234100 301.063
234200 300.949
234300 300.003
234400 301.376
234500 298.223
234600 296.062
234700 300.5
234800 303.264
234900 302.046
235000 302.4
235100 300.946
235200 298.022
235300 301.915
235400 300.536
235500 301.165
235600 298.3
235700 299.518
235800 303.145
235900 302.917
236000 301.482
236100 301.666
236200 299.953
236300 300.167
236400 298.545
236500 299.514
236600 299.013
236700 302.613
236800 301.86
236900 298.606
237000 298.671
237100 300.528
237200 299.471
237300 301.698
237400 298.592
237500 301.71
237600 298.431
237700 296.516
237800 299.972
237900 316.79
238000 316.577
238100 314.694
238200 309.216
238300 305.323
238400 304.939
238500 308.604
238600 303.626
238700 298.24
238800 301.976
238900 303.223
239000 298.982
239100 302.092
239200 297.552
239300 300.281
239400 302.77
239500 303.948
239600 302.868
239700 296.376
239800 300.161
239900 299.904
240000 300.12
240100 297.962
240200 301.9
240300 301.658
240400 300.662
240500 301.29
240600 299.751
240700 300.598
240800 298.21
240900 298.173
241000 298.403
241100 302.168
241200 300.157
241300 302.273
241400 299.538
241500 299.649
241600 301.555
241700 300.732
241800 302.18
241900 299.571
242000 297.862
242100 297.881
242200 302.472
242300 301.26
242400 301.571
242500 300.742
242600 300.935
242700 299.611
242800 298.647
242900 300.084
243000 301.39
243100 299.85
243200 297.967
243300 298.177
243400 302.25
243500 300.917
243600 301.476
243700 300.811
243800 301.166
243900 298.601
244000 297.743
244100 298.217
244200 300.774
244300 300.436
244400 304.005
244500 299.345
244600 300.172
244700 298.8
244800 299.005
244900 302.009
245000 301.653
245100 299.91
245200 297.103
245300 300.455
245400 303.449
245500 302.998
245600 300.57
245700 296.76
245800 298.854
245900 301.941
246000 301.314
246100 297.573
246200 298.534
246300 298.916
246400 302.288
246500 301.17
246600 300.607
246700 304.309
246800 300.537
246900 301.815
247000 298.849
247100 299.766
247200 299.829
247300 299.971
247400 300.038
247500 298.737
247600 301.657
247700 303.116
247800 296.985
247900 299.97
248000 302.105
248100 298.796
248200 297.935
248300 300.293
248400 300.337
248500 301.488
248600 304.476
248700 299.565
248800 300.114
248900 302.148
249000 300.829
249100 298.733
249200 299.617
249300 300.071
249400 300.868
249500 300.425
249600 303.203
249700 301.584
249800 299.719
249900 298.639
250000 300.611
250100 298.145
250200 299.25
250300 297.932
250400 300.001
250500 298.03
250600 304.113
250700 299.757
250800 300.658
250900 299.229
251000 301.274
251100 298.631
251200 299.611
251300 300.93
251400 301.99
251500 298.615
251600 298.889
251700 302.106
251800 299.579
251900 300.878
252000 300.609
252100 301.713
252200 300.689
252300 299.711
252400 301.564
252500 301.985
252600 304.383
252700 299.017
252800 303.114
252900 300.672
253000 301.281
253100 301.026
253200 302.627
253300 299.941
253400 298.632
253500 301.63
253600 301.383
253700 299.853
253800 301.388
253900 303.843
254000 301.133
254100 301.504
254200 297.309
254300 298.405
254400 299.549
254500 299.652
254600 299.783
254700 299.523
254800 301.162
254900 302.501
255000 303.073
255100 297.631
255200 302.027
255300 299.179
255400 298.352
255500 300.235
255600 300.488
255700 299.6
255800 300.66
255900 301.786
256000 301.076
256100 300.061
256200 300.751
256300 298.319
256400 300.485
256500 302.204
256600 301.973
256700 301.683
256800 300.55
256900 300.256
257000 300.684
257100 352.809
257200 339.983
257300 334.123
257400 332.159
257500 356.607
257600 345.685
257700 330.462
257800 326.849
257900 322.158
258000 315.841
258100 313.829
258200 309.004
258300 308.701
258400 306.287
258500 306.581
258600 301.816
258700 306.745
258800 303.637
258900 300.805
259000 299.604
259100 304.71
259200 302.407
259300 299.469
259400 298.148
259500 303.43
259600 300.155
259700 300.312
259800 300.766
259900 304.937
260000 300.254
260100 302.77
260200 300.042
260300 302.485
260400 298.923
260500 299.093
260600 297.459
260700 302.801
260800 302.648
260900 302.338
261000 299.356
261100 300.646
261200 299.384
261300 301.874
261400 297.941
261500 297.624
261600 298.663
261700 299.314
261800 300.666
261900 304.606
262000 301.085
262100 301.335
262200 297.236
262300 302.178
262400 300.04
262500 300.14
262600 300.674
262700 301.899
262800 298.576
262900 299.544
263000 300.292
263100 303.266
263200 301.574
263300 299.346
263400 298.389
263500 300.93
263600 298.039
263700 299.439
263800 298.943
263900 299.066
264000 302.672
264100 299.681
264200 302.889
264300 301.951
264400 300.955
264500 297.392
264600 298.611
264700 300.408
264800 298.095
264900 303.274
265000 301.877
265100 304.413
265200 300.516
265300 304.65
265400 298.817
265500 300.308
265600 297.047
265700 299.357
265800 300.143
265900 299.748
266000 300.198
266100 303.335
266200 299.12
266300 297.832
266400 300.606
266500 299.988
266600 301.692
266700 300.948
266800 300.338
266900 301.002
267000 304.763
267100 299.988
267200 299.973
267300 303.159
267400 301.603
267500 301.786
267600 300.458
267700 299.995
267800 300.621
267900 299.121
268000 298.159
268100 300.155
268200 299.579
268300 299.547
268400 303.153
268500 299.128
268600 302.326
268700 299.414
268800 297.66
268900 297.979
269000 301.073
269100 299.503
269200 300.403
269300 300.47
269400 302.26
269500 300.452
269600 299.801
269700 300.452
269800 299.552
269900 300.999
270000 299.295
270100 301.738
270200 298.101
270300 298.921
270400 301.815
270500 297.47
270600 299.564
270700 298.385
270800 300.812
270900 303.136
271000 300.321
271100 299.79
271200 299.397
271300 300.306
271400 298.945
271500 301.042
271600 301.816
271700 300.207
271800 299.004
271900 301.761
272000 300.163
272100 300.741
272200 301.538
272300 300.747
272400 300.026
272500 299.077
272600 301.78
272700 297.019
272800 298.803
272900 298.964
273000 300.811
273100 300.473
273200 300.816
273300 298.26
273400 302.802
273500 298.773
273600 298.387
273700 301.158
273800 303.051
273900 297.992
274000 299.258
274100 301.128
274200 301.746
274300 304.522
274400 298.738
274500 300.062
274600 303.968
274700 300.097
274800 301.355
274900 300.53
275000 300.2
275100 300.667
275200 300.665
275300 300.423
275400 299.947
275500 301.377
275600 297.863
275700 302.715
275800 299.566
275900 300.487
276000 299.977
276100 301.518
276200 299.095
276300 300.73
276400 300.737
276500 304.168
276600 299.939
276700 300.613
276800 299.692
276900 298.736
277000 302.364
277100 296.923
277200 299.229
277300 302.533
277400 298.639
277500 302.553
277600 300.705
277700 299.341
277800 303.06
277900 296.594
278000 303.873
278100 296.838
278200 299.604
278300 300.354
278400 300.996
278500 301.587
278600 299.131
278700 301.259
278800 299.384
278900 301.317
279000 302.036
279100 297.865
279200 301.359
279300 301.342
279400 301.035
279500 300.492
279600 302.612
279700 297.28
279800 302.283
279900 302.12
280000 299.789
280100 300.078
280200 300.279
280300 299.514
280400 300.621
280500 302.655
280600 301.216
280700 302.723
280800 299.551
280900 301.67
281000 300.931
281100 302.006
281200 300.861
281300 299.035
281400 303.795
281500 300.395
281600 299.157
281700 299.606
281800 299.373
281900 301.688
282000 298.079
282100 300.156
282200 303.032
282300 298.978
282400 303.878
282500 299.76
282600 300.945
282700 301.634
282800 300.509
282900 299.651
283000 301.486
283100 298.553
283200 301.901
283300 301.654
283400 298.318
283500 302.326
283600 298.97
283700 301.513
283800 299.355
283900 303.884
284000 298.65
284100 300.22
284200 300.206
284300 304.038
284400 300.199
284500 298.623
284600 294.571
284700 305.062
284800 302.22
284900 300.58
285000 300.708
