# Time-averaged data for fix solvated_PEG_ave_temp
# TimeStep v_solvated_PEG_temp
100 302.463
200 300.409
300 296.86
400 293.449
500 300.787
600 302.566
700 299
800 293.746
900 293.971
1000 298.639
1100 300.948
1200 301.342
1300 300.946
1400 296.186
1500 292.804
1600 297.415
1700 301.577
1800 297.741
1900 299.513
2000 301.597
2100 302.888
2200 303.001
2300 300.934
2400 300.443
2500 301.025
2600 296.867
2700 298.89
2800 301.888
2900 302.903
3000 304.422
3100 298.211
3200 300.771
3300 301.284
3400 295.966
3500 291.28
3600 299.462
3700 299.487
3800 297.318
3900 302.307
4000 304.946
4100 305.234
4200 306.47
4300 300.929
4400 298.914
4500 298.797
4600 304.057
4700 307.587
4800 303.724
4900 304.169
5000 302.02
5100 298.746
5200 302.497
5300 297.48
5400 292.057
5500 296.415
5600 298.716
5700 302.29
5800 299.702
5900 293.669
6000 296.37
6100 299.92
6200 303.713
6300 302.38
6400 300.03
6500 300.119
6600 294.402
6700 301.378
6800 306.414
6900 305.907
7000 301.922
7100 299.287
7200 300.209
7300 308.254
7400 303.798
7500 299.039
7600 300.781
7700 302.505
7800 295.288
7900 296.469
8000 298.389
8100 298.64
8200 299.654
8300 302.835
8400 302.555
8500 298.101
8600 296.924
8700 297.982
8800 302.389
8900 299.946
9000 301.86
9100 299.135
9200 294.102
9300 302.591
9400 303.579
9500 298.861
9600 295.57
9700 296.679
9800 297.559
9900 295.511
10000 297.682
10100 302.234
10200 299.69
10300 294.229
10400 297.266
10500 296.476
10600 298.424
10700 297.691
10800 302.148
10900 300.304
11000 297.295
11100 297.209
11200 296.328
11300 302.338
11400 301.631
11500 298.397
11600 293.822
11700 300.147
11800 301.338
11900 301.214
12000 302.315
12100 299.275
12200 299.671
12300 296.164
12400 300.501
12500 303.776
12600 301.596
12700 298.936
12800 299.151
12900 300.48
13000 303.565
13100 305.561
13200 298.955
13300 295.571
13400 303.329
13500 301.819
13600 298.672
13700 297.584
13800 294.278
13900 296.882
14000 302.844
14100 304.216
14200 300.214
14300 302.587
14400 302.259
14500 298.37
14600 306.518
14700 306.018
14800 301.306
14900 301.95
15000 297.612
15100 299.518
15200 297.251
15300 300.799
15400 303.444
15500 301.197
15600 298.556
15700 296.944
15800 302.692
15900 305.475
16000 299.192
16100 292.31
16200 298.956
16300 297.588
16400 300.757
16500 302.422
16600 293.96
16700 294.75
16800 299.846
16900 299.011
17000 300.384
17100 305.063
17200 303.249
17300 294.857
17400 294.742
17500 295.934
17600 303.408
17700 305.821
17800 303.218
17900 298.206
18000 297.529
18100 298.867
18200 305.777
18300 302.447
18400 292.075
18500 294.67
18600 302.115
18700 303.631
18800 299.635
18900 297.351
19000 297.177
19100 299.615
19200 299.517
19300 300.737
19400 303.159
19500 297.353
19600 293.47
19700 298.322
19800 300.671
19900 303.21
20000 310.298
20100 304.788
20200 301.083
20300 298.158
20400 298.802
20500 298.953
20600 300.766
20700 298.616
20800 298.265
20900 301.817
21000 305.163
21100 299.864
21200 298.561
21300 297.934
21400 302.485
21500 302.928
21600 299.701
21700 300.457
21800 297.793
21900 300.065
22000 301.941
22100 305.287
22200 306.844
22300 295.826
22400 293.998
22500 304.32
22600 302.98
22700 297.36
22800 300.151
22900 299.404
23000 300.784
23100 302.606
23200 307.7
23300 296.743
23400 294.125
23500 302.106
23600 298.468
23700 301.028
23800 304.007
23900 302.69
24000 297.107
24100 298.24
24200 296.029
24300 290.893
24400 292.688
24500 300.774
24600 300.544
24700 299.394
24800 303.3
24900 303.049
25000 298.736
25100 296.067
25200 298.369
25300 298.275
25400 301.985
25500 306.72
25600 295.245
25700 295.779
25800 300.25
25900 302.424
26000 300.559
26100 292.411
26200 295.417
26300 301.583
26400 300.699
26500 307.321
26600 309.515
26700 303.411
26800 297.726
26900 298.96
27000 298.47
27100 298.605
27200 302.973
27300 303.981
27400 297.04
27500 298.393
27600 296.942
27700 295.293
27800 300.268
27900 303.559
28000 304.171
28100 301.828
28200 298.17
28300 291.929
28400 294.185
28500 304.11
28600 303.912
28700 299.554
28800 300.34
28900 303.174
29000 303.642
29100 298.388
29200 295.217
29300 298.192
29400 304.691
29500 305.654
29600 304.501
29700 301.549
29800 297.004
29900 299.13
30000 303.54
30100 302.346
30200 300.229
30300 299.267
30400 300.176
30500 298.703
30600 297.271
30700 296.21
30800 302.162
30900 305.104
31000 300.682
31100 301.184
31200 301.57
31300 295.345
31400 295.639
31500 297.063
31600 301.772
31700 305.675
31800 303.973
31900 303.772
32000 299.204
32100 298.639
32200 293.42
32300 291.282
32400 299.663
32500 303.376
32600 303.515
32700 303.418
32800 294.429
32900 300.383
33000 305.341
33100 299.021
33200 295.689
33300 290.714
33400 295.774
33500 301.113
33600 298.446
33700 298.454
33800 296.144
33900 305.147
34000 303.082
34100 299.446
34200 298.482
34300 299.969
34400 297.955
34500 301.777
34600 304.082
34700 299.14
34800 301.627
34900 301.282
35000 298.303
35100 299.169
35200 298.295
35300 302.859
35400 303.45
35500 296.909
35600 294.269
35700 296.956
35800 303.566
35900 302.832
36000 304.522
36100 302.826
36200 297.985
36300 297.638
36400 310.129
36500 302.588
36600 301.223
36700 298.241
36800 299.617
36900 304.536
37000 305.344
37100 294.607
37200 297.575
37300 303.795
37400 302.874
37500 294.434
37600 293.006
37700 299.982
37800 300.209
37900 305.494
38000 297.936
38100 296.227
38200 300.37
38300 300.847
38400 297.527
38500 301.997
38600 299.818
38700 292.913
38800 294.358
38900 296.055
39000 300.918
39100 300.669
39200 298.843
39300 296.589
39400 296.802
39500 300.516
39600 304.06
39700 304.844
39800 299.163
39900 295.161
40000 302.334
40100 308.112
40200 308.359
40300 303.363
40400 300.106
40500 300.853
40600 301.681
40700 302.636
40800 304.402
40900 301.958
41000 299.508
41100 298.962
41200 300.687
41300 302.333
41400 303.062
41500 305.054
41600 297.508
41700 298.016
41800 300.033
41900 300.561
42000 305.36
42100 304.163
42200 300.063
42300 297.571
42400 296.593
42500 300.961
42600 309.367
42700 304.305
42800 299.703
42900 295.991
43000 300.855
43100 301.758
43200 296.066
43300 293.258
43400 301.513
43500 302.527
43600 301.467
43700 294.903
43800 297.707
43900 296.746
44000 297.113
44100 304.839
44200 302.888
44300 297.729
44400 298.642
44500 295.726
44600 301.333
44700 301.502
44800 303.399
44900 308.6
45000 300.952
45100 300.576
45200 298.979
45300 296.56
45400 299.258
45500 303.584
45600 304.2
45700 299.9
45800 298.383
45900 304.6
46000 299.939
46100 295.565
46200 299.844
46300 301.314
46400 303.828
46500 301.257
46600 294.31
46700 296.759
46800 298.497
46900 303.199
47000 303.774
47100 299.014
47200 298.998
47300 298.857
47400 298.467
47500 306.98
47600 300.683
47700 302.239
47800 300.082
47900 294.481
48000 299.504
48100 299.897
48200 299.997
48300 304.727
48400 303.12
48500 298.521
48600 294.313
48700 304.368
48800 303.87
48900 298.426
49000 298.247
49100 299.986
49200 304.74
49300 306.905
49400 301.65
49500 298.111
49600 295.671
49700 296.879
49800 300.615
49900 303.12
50000 304.2
50100 296.815
50200 293.999
50300 295.049
50400 290.866
50500 296.33
50600 298.871
50700 299.13
50800 302.922
50900 305.465
51000 297.984
51100 296.473
51200 297.607
51300 301.4
51400 303.32
51500 301.59
51600 302.682
51700 298.912
51800 296.33
51900 296.601
52000 295.628
52100 299.602
52200 303.472
52300 303.902
52400 298.368
52500 292.508
52600 297.163
52700 299.33
52800 301.279
52900 303.001
53000 298.534
53100 299.277
53200 292.711
53300 298.031
53400 301.011
53500 301.069
53600 302.513
53700 298.076
53800 293.341
53900 296.559
54000 298.89
54100 301.265
54200 301.164
54300 305.909
54400 302.629
54500 304.677
54600 299.024
54700 298.039
54800 301.634
54900 307.768
55000 297.732
55100 294.245
55200 302.493
55300 304.96
55400 301.417
55500 297.925
55600 299.931
55700 299.23
55800 296.517
55900 305.149
56000 301.504
56100 304.466
56200 301.623
56300 293.817
56400 293.679
56500 300.98
56600 305.226
56700 302.565
56800 299.575
56900 298.558
57000 294.526
57100 295.567
57200 298.934
57300 300.314
57400 299.168
57500 301.96
57600 297.923
57700 295.503
57800 303.658
57900 304.967
58000 303.759
58100 304.344
58200 300.344
58300 299.685
58400 299.028
58500 298.465
58600 289.128
58700 293.751
58800 297.032
58900 297.92
59000 298.856
59100 304.734
59200 300.335
59300 295.049
59400 296.793
59500 302.673
59600 299.351
59700 295.499
59800 291.755
59900 297.555
60000 296.675
