# Time-averaged data for fix ave_oxygen_6_7_distance
# TimeStep v_oxygen_6_7_distance
100 21.3876
200 22.0358
300 22.6183
400 22.6531
500 22.0931
600 21.8585
700 22.1705
800 21.6958
900 21.5579
1000 21.9035
1100 22.2787
1200 22.8745
1300 23.3385
1400 23.5095
1500 23.903
1600 24.103
1700 23.8442
1800 23.7828
1900 23.981
2000 24.1213
2100 24.5353
2200 24.7708
2300 24.7673
2400 24.6653
2500 24.6017
2600 24.4431
2700 24.6791
2800 24.9029
2900 25.3925
3000 25.4982
3100 25.3863
3200 25.3942
3300 25.1056
3400 24.4476
3500 24.2049
3600 24.4214
3700 24.8492
3800 24.5137
3900 23.8589
4000 23.6567
4100 23.5274
4200 23.319
4300 22.9201
4400 22.5787
4500 22.3099
4600 21.8408
4700 21.3964
4800 21.0687
4900 20.8798
5000 20.519
5100 20.0872
5200 19.6951
5300 19.5274
5400 19.421
5500 19.5986
5600 19.7106
5700 19.8671
5800 19.8635
5900 20.2124
6000 20.1283
6100 20.1702
6200 20.3328
6300 19.9108
6400 19.7124
6500 20.0579
6600 20.1554
6700 20.2022
6800 20.3241
6900 20.4051
7000 20.8496
7100 21.204
7200 21.1249
7300 21.1969
7400 21.0715
7500 20.9573
7600 20.7622
7700 20.7186
7800 20.388
7900 20.2551
8000 20.568
8100 21.1842
8200 21.2026
8300 21.2067
8400 21.6853
8500 21.8912
8600 22.0517
8700 22.3789
8800 22.1648
8900 22.2277
9000 22.6609
9100 22.8429
9200 23.2989
9300 23.5254
9400 23.3923
9500 23.3648
9600 23.6338
9700 23.9181
9800 24.0032
9900 24.0857
10000 23.9108
10100 23.4946
10200 23.7346
10300 23.7107
10400 23.9259
10500 24.0405
10600 24.7814
10700 25.8438
10800 26.8217
10900 27.1715
11000 26.9927
11100 27.0782
11200 26.9999
11300 27.1335
11400 27.1019
11500 27.2902
11600 27.4426
11700 27.2973
11800 27.0856
11900 27.0956
12000 27.3541
12100 27.5782
12200 27.6074
12300 27.5472
12400 27.5462
12500 27.8411
12600 27.9018
12700 27.7385
12800 27.7974
12900 28.1592
13000 28.1497
13100 28.129
13200 28.0423
13300 27.9135
13400 27.7125
13500 27.6287
13600 27.6468
13700 27.645
13800 27.4617
13900 27.7401
14000 28.5296
14100 29.2407
14200 29.7983
14300 29.9897
14400 29.3439
14500 29.0714
14600 28.998
14700 28.9542
14800 28.8336
14900 28.7788
15000 29.0541
15100 29.3797
15200 29.6825
15300 30.5597
15400 31.0836
15500 31.2952
15600 31.37
15700 30.8408
15800 30.3862
15900 30.0594
16000 30.3307
16100 30.3852
16200 30.6561
16300 30.506
16400 30.835
16500 30.8476
16600 30.5311
16700 30.3283
16800 29.9347
16900 29.9516
17000 29.9865
17100 29.9762
17200 29.6832
17300 29.5325
17400 29.6645
17500 29.724
17600 29.3958
17700 28.6742
17800 28.1242
17900 28.0284
18000 28.3743
18100 28.6174
18200 28.5874
18300 28.8053
18400 29.1656
18500 29.49
18600 30.0958
18700 30.3986
18800 30.7368
18900 31.2152
19000 30.9978
19100 30.957
19200 30.868
19300 30.5112
19400 30.7192
19500 30.5814
19600 30.099
19700 29.515
19800 29.4762
19900 30.0218
20000 30.2554
20100 30.7076
20200 31.2513
20300 31.3243
20400 31.1761
20500 31.0179
20600 31.0673
20700 30.7779
20800 30.9701
20900 31.384
21000 31.7416
21100 32.0475
21200 32.3184
21300 32.4963
21400 32.6251
21500 32.6491
21600 32.6613
21700 32.2315
21800 31.6238
21900 31.4336
22000 31.4997
22100 31.2779
22200 31.3141
22300 31.6147
22400 31.4109
22500 31.3513
22600 31.702
22700 31.8452
22800 32.2549
22900 32.5843
23000 32.7263
23100 32.9658
23200 33.1012
23300 32.9656
23400 32.9075
23500 32.8163
23600 33.1285
23700 33.2345
23800 33.5155
23900 33.8353
24000 34.1095
24100 34.0758
24200 34.4051
24300 34.2923
24400 33.51
24500 33.5165
24600 33.2693
24700 33.2207
24800 33.1935
24900 33.1623
25000 33.1918
25100 32.9145
25200 32.4284
25300 32.0775
25400 31.9687
25500 31.7128
25600 31.7605
25700 31.7183
25800 31.8584
25900 32.1423
26000 31.9107
26100 31.4713
26200 31.3673
26300 31.2379
26400 31.1265
26500 31.3308
26600 31.6271
26700 31.8073
26800 31.756
26900 31.9771
27000 32.3203
27100 32.4798
27200 32.7923
27300 33.1303
27400 33.0299
27500 33.3789
27600 33.9717
27700 34.6549
27800 35.2743
27900 35.3736
28000 35.1599
28100 35.4068
28200 35.4485
28300 35.5813
28400 35.5298
28500 35.3432
28600 35.5324
28700 36.3906
28800 37.0153
28900 37.1854
29000 37.4845
29100 37.8165
29200 37.6448
29300 37.3172
29400 37.1031
29500 37.174
29600 37.0305
29700 36.7767
29800 36.5607
29900 36.1371
30000 35.863
30100 35.7174
30200 36.1391
30300 36.7836
30400 36.8794
30500 37.0861
30600 37.2773
30700 37.6026
30800 37.3409
30900 37.2025
31000 37.1345
31100 37.3584
31200 37.3926
31300 37.3363
31400 37.3941
31500 37.542
31600 37.6912
31700 37.4837
31800 37.0375
31900 36.867
32000 37.1115
32100 37.4887
32200 37.5621
32300 37.6071
32400 38.0537
32500 38.5599
32600 39.0121
32700 39.6434
32800 40.4004
32900 41.0671
33000 41.3163
33100 42.1623
33200 42.9186
33300 43.5379
33400 44.0092
33500 44.1173
33600 44.5441
33700 45.2757
33800 45.8551
33900 46.5073
34000 47.0044
34100 47.6425
34200 48.2002
34300 48.5484
34400 48.812
34500 49.0305
34600 49.2269
34700 49.4142
34800 49.5033
34900 49.6107
35000 49.7965
35100 50.1195
35200 49.9982
35300 50.1157
35400 50.0293
35500 49.8399
35600 49.8545
35700 49.9495
35800 49.8116
35900 49.9583
36000 50.2747
36100 50.0618
36200 50.3303
36300 50.3554
36400 50.3172
36500 50.2734
36600 49.6328
36700 49.281
36800 49.266
36900 49.6054
37000 49.45
37100 49.3294
37200 49.682
37300 49.9484
37400 49.7757
37500 49.7316
37600 49.7949
37700 49.7129
37800 49.8036
37900 49.9931
38000 50.2343
38100 50.146
38200 50.1363
38300 50.215
38400 50.4159
38500 50.5051
38600 50.4981
38700 50.5699
38800 50.5854
38900 50.2199
39000 49.8544
39100 49.8864
39200 49.9945
39300 49.8178
39400 49.7769
39500 49.6641
39600 49.1941
39700 49.3333
39800 49.5205
39900 49.5242
40000 49.4128
40100 49.4499
40200 49.5598
40300 49.5424
40400 49.4837
40500 49.44
40600 49.3102
40700 49.5786
40800 49.847
40900 50.0386
41000 50.1548
41100 50.0884
41200 50.052
41300 49.995
41400 50.025
41500 50.1648
41600 50.258
41700 50.4929
41800 50.2843
41900 50.129
42000 50.1117
42100 49.8778
42200 49.8245
42300 49.9688
42400 50.1009
42500 50.2116
42600 50.5121
42700 50.435
42800 50.262
42900 50.147
43000 50.1884
43100 50.1142
43200 50.2234
43300 50.0744
43400 50.0128
43500 49.9869
43600 49.9909
43700 50.2894
43800 50.4517
43900 50.6383
44000 50.7578
44100 50.7309
44200 50.1504
44300 50.1769
44400 50.1842
44500 50.1823
44600 50.0221
44700 50.0347
44800 49.6854
44900 49.5809
45000 49.5909
45100 49.7288
45200 49.7286
45300 49.996
45400 50.1134
45500 50.2786
45600 50.5609
45700 50.6615
45800 50.5299
45900 50.5072
46000 50.5521
46100 50.4352
46200 50.508
46300 50.5174
46400 50.3301
46500 50.4026
46600 50.532
46700 50.9343
46800 51.1825
46900 51.1059
47000 51.1582
47100 50.9948
47200 50.7507
47300 50.6268
47400 50.649
47500 50.5852
47600 50.836
47700 51.0641
47800 50.9723
47900 50.6477
48000 50.3626
48100 50.2708
48200 50.4051
48300 50.788
48400 50.855
48500 50.5081
48600 50.5153
48700 50.4129
48800 50.5065
48900 50.8393
49000 50.8851
49100 50.8866
49200 50.5084
49300 50.2831
49400 50.3706
49500 50.3147
49600 50.3496
49700 50.3522
49800 50.2812
49900 50.0981
50000 50.4608
50100 50.4333
50200 50.5132
50300 50.6635
50400 50.7045
50500 50.8792
50600 51.2419
50700 51.0178
50800 51.0786
50900 51.1131
51000 50.9697
51100 50.7315
51200 50.6838
51300 50.5016
51400 50.5899
51500 51.015
51600 51.3216
51700 51.0443
51800 50.9763
51900 50.8241
52000 50.6834
52100 50.9294
52200 51.4177
52300 51.399
52400 51.2897
52500 51.0684
52600 50.6034
52700 50.3693
52800 50.4476
52900 50.5326
53000 50.6704
53100 50.8637
53200 51.1159
53300 51.1091
53400 50.9381
53500 50.8265
53600 50.7664
53700 50.5582
53800 50.5413
53900 50.5783
54000 50.6367
54100 51.0502
54200 51.4249
54300 51.2621
54400 51.1399
54500 50.8885
54600 50.435
54700 50.3765
54800 50.4525
54900 50.479
55000 50.9088
55100 50.8539
55200 50.5888
55300 50.4737
55400 50.2934
55500 50.6548
55600 50.8681
55700 50.7752
55800 50.7424
55900 50.4644
56000 50.6351
56100 50.5913
56200 50.8574
56300 51.236
56400 51.5943
56500 51.5657
56600 51.2913
56700 50.8269
56800 50.3641
56900 50.3744
57000 50.5023
57100 50.7331
57200 50.8144
57300 50.8661
57400 50.8733
57500 50.8278
57600 50.7617
57700 50.6672
57800 50.5371
57900 50.5435
58000 50.4938
58100 50.7483
58200 50.8576
58300 50.8878
58400 50.8313
58500 50.7139
58600 50.471
58700 50.3413
58800 50.4685
58900 50.2473
59000 50.3752
59100 50.3855
59200 49.9635
59300 50.2551
59400 50.4803
59500 50.4997
59600 50.3797
59700 50.3155
59800 50.3878
59900 50.1712
60000 50.1496
